392
150
45
387
284
406
211
456
117
318
94
148
183
209
382
447
13
90
81
252
346
330
10
101
187
262
314
291
238
105
256
47
360
102
78
168
112
238
266
493
222
225
311
174
256
135
437
435
200
434
363
437
436
483
402
306
320
379
60
336
145
75
476
169
160
36
78
282
269
29
240
163
333
94
2
403
427
179
407
225
270
342
360
106
389
94
275
165
30
353
394
265
449
257
281
471
281
91
123
430
447
64
484
460
78
333
473
266
368
139
376
439
351
461
130
85
318
370
343
450
387
390
154
23
229
417
96
63
402
119
307
299
339
243
486
77
57
123
94
103
407
208
177
494
479
355
316
205
482
428
381
432
432
0
14
121
429
55
220
274
329
264
16
477
15
141
280
158
409
70
471
135
281
209
342
126
221
152
102
211
101
416
127
169
161
438
172
484
9
264
486
64
132
254
252
309
222
15
219
335
127
192
202
14
401
99
234
347
446
56
180
365
287
29
78
179
133
113
183
447
230
168
117
341
36
25
129
410
493
129
386
388
79
264
109
366
352
34
109
473
426
104
118
399
216
376
157
199
445
347
414
462
391
139
2
53
197
38
121
445
98
174
131
312
200
442
367
457
272
105
96
396
249
282
428
184
181
437
208
421
245
66
399
178
388
332
317
384
463
275
150
133
304
51
378
273
236
310
420
267
415
477
251
352
142
340
423
324
233
147
188
361
41
0
149
242
338
204
136
374
105
346
202
95
3
444
200
110
181
492
323
407
124
338
273
396
51
309
161
420
301
359
361
67
145
267
132
391
368
142
270
382
12
266
99
109
183
332
200
26
164
284
494
181
304
67
23
26
122
421
295
179
359
257
398
491
148
130
247
332
274
284
245
146
56
379
391
178
293
168
435
390
141
223
332
426
458
313
288
60
392
480
265
17
261
444
336
221
91
41
112
137
288
147
313
64
125
130
405
87
248
136
213
363
287
4
417
381
162
80
129
60
436
147
59
63
323
417
490
469
274
185
270
115
119
290
167
285
478
61
21
170
261
59
117
339
336
487
81
103
108
223
253
4
127
8
361
276
383
168
265
159
93
220
377
358
102
203
59
318
472
114
242
291
122
22
483
351
310
368
31
407
433
479
469
377
486
305
208
493
403
452
180
30
427
52
481
304
69
359
484
141
144
464
358
409
33
173
156
471
430
119
77
57
376
416
240
439
451
129
438
381
142
282
348
400
350
443
34
483
385
205
87
199
475
287
288
320
33
259
308
447
339
4
438
78
205
141
306
144
416
413
376
26
445
323
144
195
368
27
140
10
163
336
176
87
367
257
18
26
355
12
102
49
232
139
158
390
301
282
379
303
106
287
441
131
387
195
124
316
25
40
30
315
118
210
141
11
262
378
4
315
198
183
253
470
279
190
207
0
463
103
145
405
84
82
218
226
462
311
7
357
255
367
90
345
57
117
368
8
267
498
289
472
4
164
65
194
452
12
419
378
196
327
99
212
20
129
196
123
73
157
68
113
14
215
173
179
395
239
354
433
94
197
475
349
482
311
480
18
42
169
488
437
22
395
289
294
17
258
315
146
297
29
61
436
150
120
321
270
448
296
258
428
163
189
242
310
454
453
88
343
219
483
351
260
331
209
55
326
141
380
462
215
148
83
353
334
182
47
237
409
86
305
413
237
36
435
235
109
35
360
86
264
480
58
175
495
240
43
89
47
324
398
128
315
351
228
489
229
365
100
218
477
151
397
226
326
72
366
369
153
320
418
499
392
209
44
474
491
50
286
359
16
46
156
250
342
38
307
480
92
322
472
220
193
65
219
400
241
345
193
128
191
244
48
459
434
6
464
361
190
82
200
244
477
425
216
409
374
115
467
216
424
440
463
268
362
24
410
289
405
275
330
234
371
459
19
88
203
270
206
88
224
450
231
167
81
431
254
414
375
414
454
319
487
466
194
448
29
4
324
468
22
241
358
170
327
1
76
465
334
496
393
212
312
384
104
422
341
364
245
408
469
455
198
153
446
45
32
477
302
145
214
39
138
495
356
400
50
271
97
8
80
465
263
36
116
271
108
76
345
471
356
278
451
372
289
117
277
5
374
364
227
432
283
268
121
337
155
357
338
53
151
81
412
201
220
300
226
325
326
41
74
463
292
37
469
499
39
437
393
217
271
344
337
337
202
446
298
485
71
373
123
28
262
246
70
137
54
260
485
111
304
497
390
143
140
107
356
64
62
296
328
277
134
318
350
171
334
467
186
411
260
166
438
404
199
