7089
2166
5475
3311
1693
1465
993
3454
4356
4382
5505
986
6703
7175
2634
5675
2934
6745
5645
4627
7934
1687
6519
3932
7010
3228
6661
512
7407
3573
4310
7955
2186
5337
924
7441
5229
4422
2476
3648
7758
7161
1654
5890
800
4297
5966
3833
5490
5472
1000
7958
3254
6935
6115
2625
6109
7021
3836
5087
6621
4964
7523
5954
4436
4537
2986
1139
3846
3454
2842
148
6851
4117
4832
7541
3940
1931
6885
1974
7923
846
1723
1108
4202
7885
5683
2897
532
7850
3019
1988
2256
7710
7812
314
6901
554
3858
7880
4303
5878
2541
6511
6534
6344
5573
7018
3167
6434
3858
4502
6940
568
2953
5438
4607
5836
5674
4099
5997
40
3382
2724
7981
3384
6911
176
2191
3777
5655
1029
297
4546
4906
6147
1149
6501
424
3987
3510
2530
4506
13
5521
3761
4950
6667
3033
4521
2318
3976
6346
7994
7682
947
5719
7107
7830
6486
4104
6289
6718
3358
3707
2550
4245
5702
5066
129
1741
1764
2317
2271
6721
3280
2486
4365
359
621
7579
1401
2273
2261
7057
3445
5810
3749
7347
1750
4622
1122
7874
7599
10
4806
5350
4389
7218
3883
5011
2479
2809
1299
455
4909
5003
786
2543
2721
2367
5336
7594
3854
4200
159
4069
5483
5386
2093
3685
6404
5802
134
7587
6190
255
1714
6993
4005
5572
7590
7227
5956
1135
6738
4681
5151
5947
3910
1569
5184
866
7298
3881
6333
103
856
4970
4595
5583
1728
976
865
4655
5432
909
1059
7393
6998
5214
3144
3920
7276
2598
4371
243
7446
4982
3147
599
3554
2606
4287
5844
1181
4412
1114
1825
6774
4931
7454
3396
6417
7384
5120
5794
5163
38
7072
2548
2277
2289
3428
4634
3823
503
5936
10
2194
6259
2628
7841
3097
2043
7857
1370
7517
1353
5177
156
6892
6166
7042
6317
2838
4962
119
837
5587
3153
6908
7485
6228
3183
3915
5670
1956
980
112
2422
7099
2403
6301
5470
224
4972
5995
695
1975
4529
5166
3418
1518
2374
4339
7118
6016
465
2136
1628
7781
4785
1032
7871
1367
6588
5203
2104
4352
3616
1318
3773
6085
6826
107
6545
7081
6373
6528
1007
1375
4571
2124
2336
1841
3767
4740
5612
1030
7882
3961
1645
5587
1516
5338
2623
5409
7035
3022
3411
6390
4159
3686
867
2147
6446
1091
5184
3306
7371
1732
7
7689
7080
5481
6258
103
7437
7241
1226
538
6385
5548
7994
7699
1765
1990
7167
7527
7760
593
7164
314
5397
5253
6826
6794
2001
1527
813
2901
6016
2252
7425
4648
5887
1048
4947
3974
6188
6103
4332
2929
6825
1030
4424
3800
7616
863
6085
604
7328
5552
951
2624
4102
2839
1752
4525
4535
4444
925
2464
5609
1323
7075
689
6978
3564
2568
1
1528
4225
5911
6654
5655
6491
1051
21
1441
4793
1556
3318
4559
7743
2824
2877
822
495
4144
3010
6917
1286
1107
1854
3434
4213
4785
7576
3861
5370
277
1739
661
6171
4558
5878
5854
6207
1207
1409
1387
5289
6001
3750
1792
2641
1266
4771
5641
5217
7415
1019
3166
3657
3349
3491
7272
6079
3565
4752
7261
6807
6910
3675
7399
1274
533
7501
1762
6
3359
7565
4
5826
6879
3427
1752
2236
3450
296
5475
6465
6704
7692
2471
4281
2789
580
4549
1500
5021
6094
4477
4501
7559
1570
3666
6961
6448
4663
1033
1220
6040
494
6095
2073
7458
5343
6394
5779
4900
2751
1576
4132
4767
5803
6660
6633
1928
6547
807
5857
7877
4741
1306
1737
7539
149
1978
1109
3940
2919
7540
4684
2662
2329
2416
4288
4670
7119
2059
2921
7092
2588
2108
1246
2888
5769
4824
1071
450
1286
1392
3553
615
7851
6104
3655
3783
2729
5571
4857
1908
81
5898
6516
4877
1601
5771
2062
4472
7335
4846
4500
7982
2483
1155
3010
4271
3421
2823
1757
2391
5200
6342
7729
7369
4850
410
291
6087
656
2577
5618
5348
7659
7853
4878
6288
3993
3780
3925
2643
986
2056
5350
4949
5112
3873
3172
1625
3225
2166
2441
2570
6885
971
1764
1326
4430
1476
6576
1079
4352
7240
2323
7032
6439
7361
4400
7541
1047
7807
3433
2387
3293
6204
3700
2670
864
6650
1432
2889
1266
1417
3845
4832
2489
1061
4622
5850
4340
59
2052
2395
3436
5900
4144
5429
2618
6955
5356
7166
751
1504
2590
6780
5219
7343
7314
7869
2013
2355
5939
2436
2268
2403
7334
733
2112
2102
6340
5842
7320
2595
3186
758
2121
962
2526
6302
6295
5006
3671
5680
915
1867
4553
3667
2529
5252
3028
7238
3429
366
1417
7117
5322
5993
65
1093
5550
6436
409
89
7021
6751
4941
5901
7561
1612
7152
2423
51
3599
2629
7694
441
613
7102
3995
4427
4512
2574
4940
5035
1680
5677
743
2353
7038
4648
5404
5304
2450
3490
4339
4777
7124
4715
7460
417
5007
3578
1797
5186
5521
6346
7262
5587
656
1743
2712
6677
5223
7316
6932
1507
6333
5171
7513
5764
4295
4656
5285
1041
7075
1778
4772
7165
6437
3870
5119
4614
1391
3985
7755
2743
7865
1658
6882
1559
6321
2515
7695
2546
3900
7866
163
3137
2138
2928
5988
4472
679
6636
4261
4397
1533
1757
7601
2912
759
2939
6433
7531
5201
1225
3213
3847
5227
6121
6815
4856
3948
5723
7235
342
2947
3092
4346
5114
7497
3063
4622
3585
4867
1266
3936
5696
5187
1144
6493
7044
7405
5718
847
3524
3863
1652
3856
2342
6794
5483
2393
6698
3878
317
2616
6071
5729
693
5920
1728
5295
7196
410
5651
4158
7829
5914
62
5593
3030
3756
7326
3564
3139
7501
1285
359
7721
7958
6407
2811
3155
1171
5345
2241
3085
1842
3271
570
7539
6103
2761
6641
6388
3213
2721
4925
4905
6806
987
5602
1996
2531
4193
1367
2518
7711
2530
1827
5817
3365
3999
3041
7159
5267
4306
4962
4125
4214
4795
6577
7328
7716
1864
497
6162
2857
2464
5859
1665
409
2700
4420
6701
2629
5186
6163
803
7112
7824
2161
3642
1345
6433
7200
6825
1755
3439
5550
7620
4295
710
3115
2129
5643
3697
6933
2571
1780
2499
4437
2802
7911
6339
2658
3981
4310
1013
6404
1790
7310
193
2419
4352
6188
5699
3742
2623
7088
6190
2055
3347
7081
2269
6859
5723
1936
952
6271
2290
2929
1599
7606
5585
1604
2230
6048
257
538
2221
7437
5114
243
4011
6287
477
5804
5303
3068
3979
3093
1474
6994
672
7265
5748
6966
1872
4791
2833
1493
5404
4261
6536
2987
1136
2292
5016
4450
2076
470
799
7634
2605
2172
4481
6759
7912
1348
7793
3232
5986
3472
5343
7604
2815
50
1662
655
1221
1347
5425
7482
4572
5203
2257
6872
6436
4666
2077
1164
7155
3533
7679
3000
1129
6508
5687
1761
1778
3257
6182
4526
2456
227
249
5071
642
3360
5616
1019
654
3065
4106
3409
5126
7359
2063
1568
65
4379
5626
5890
6553
387
1280
227
5508
3785
1601
6047
2961
1037
2378
3146
7041
467
6789
3977
7808
1839
1342
6429
6462
2333
5970
1024
4719
5421
2998
4840
4443
27
2081
5160
4642
6717
1495
2486
6736
2005
4948
5447
6169
2502
7761
7510
2225
5156
5045
3652
2698
1764
795
5338
2667
5426
7932
426
4138
7138
3705
3859
7686
6590
7368
6434
7267
6718
120
5653
6050
2133
7970
4924
412
7592
4654
4601
2620
3866
5119
3750
5622
6338
4668
3029
2216
1982
4732
6450
971
6433
6093
2437
4438
3783
4898
6484
5807
2954
5078
3622
7118
5837
225
7329
1969
4469
4758
4245
5430
3960
2902
5138
5272
3789
5141
1779
7688
3
390
3134
4199
7470
870
419
7838
1404
418
610
155
3557
2982
4874
4776
4737
4164
796
5993
7603
6013
6478
1330
131
2222
1835
4419
3018
1049
4119
5345
1734
7311
433
5522
6797
5368
5521
6004
991
7551
2865
2170
3668
1948
6503
7428
5428
3391
4240
5082
6373
534
6857
5702
4479
7163
1687
2187
636
6461
6118
6213
715
3913
5487
6430
4803
5110
7922
938
244
298
2275
992
3994
1451
6305
4342
4715
5766
5729
4248
592
4630
489
4740
6832
6641
1593
3205
6503
4853
7876
6281
7701
490
3675
2145
2067
7316
491
3478
2945
7192
1373
2018
6075
456
5851
1426
42
5069
4851
4150
4790
1776
2964
5569
7961
1989
5492
3332
2767
6580
852
322
3882
2533
219
1519
2433
3335
5279
202
1032
190
2371
1364
6204
7975
7994
6379
117
6793
7594
3080
4125
1433
5163
530
3391
4777
430
2972
7993
2287
3131
2818
3788
3118
6738
6043
1810
771
947
27
5839
590
7993
712
863
5435
1698
7383
1807
5804
6634
2851
7048
7877
5460
2761
1511
19
74
5666
7848
2330
5852
3934
6912
2745
484
2361
1801
1596
3402
413
536
6782
5604
2708
2474
1017
5301
7976
2045
7660
726
6746
6076
3111
1203
4667
1106
3830
3500
5801
1120
5544
1243
938
777
955
1589
5406
362
1253
3721
4772
3623
7361
3046
1548
4193
5205
2522
2548
4356
7548
5268
7233
3068
7797
2283
5436
967
6
3896
3014
5349
7438
1693
1849
5549
7398
5097
3037
2938
2931
4692
7620
7746
3596
2021
4355
774
4418
4659
7181
4517
7248
5255
2349
3212
4960
6945
2272
5960
3064
2770
7116
6844
6207
4422
5601
6446
2672
4196
3787
379
5402
7822
3985
491
7633
4931
1293
7199
1397
6116
7816
4135
4060
596
3953
3632
1375
376
5498
4123
3006
2781
7248
1256
5105
1081
4533
3921
7564
1994
4923
4531
7565
1435
7966
3815
5573
2213
2687
1008
2017
4370
4601
2764
1877
1693
4770
5869
420
6485
3616
7170
3982
3135
4965
4782
1109
7067
1992
2714
5934
2495
4673
5414
1857
3232
6145
5562
1693
5488
3820
7227
6972
545
372
1818
6573
1735
4371
6406
3556
923
3877
7425
1242
4891
7199
144
1954
6351
7920
3020
2954
4711
7602
7958
3178
1473
3085
3496
1420
134
873
646
5303
5492
5325
210
4954
2678
985
5887
3986
1071
924
3230
3416
5077
7507
980
266
4026
127
3821
4628
4327
2849
6345
7163
4385
5205
6836
7942
1805
7816
6804
1737
2479
2648
6139
7311
2510
3911
7325
931
5492
7194
4187
6715
2129
2132
1469
194
7423
3786
1279
1729
609
6691
5762
2793
1956
5934
5603
1663
4007
5984
7273
100
5623
1512
2008
128
1395
1521
994
1035
1295
436
2877
5175
4596
3767
16
4669
3651
4389
3527
5955
5114
6091
3078
3879
432
877
5113
4011
2810
6595
1290
3133
1392
6675
428
5921
3209
684
4436
6141
2147
3580
3592
2945
2592
5071
6416
689
5482
4324
7816
3920
5526
3629
4567
2410
2598
2724
1338
6335
2729
5957
4986
4743
4797
2028
2428
1702
6197
6603
4919
3502
1365
2439
2368
3659
1338
944
7297
2639
6935
91
1352
1243
921
6238
4795
1254
2540
3368
4714
429
5847
1978
2493
2167
5955
518
972
5636
5721
2082
4173
594
9
5161
3432
3403
742
2095
1063
1294
4398
3742
1545
1880
3240
2738
438
1423
7014
6925
1868
7339
6954
2999
4055
3649
1445
1206
6688
7022
6490
6022
6300
5532
2530
6454
3909
628
5064
3935
7686
5792
7444
4353
6544
1915
1829
7291
1482
7512
1399
3495
6629
7084
2501
6288
3789
5785
520
208
2427
471
1821
523
4071
1985
2244
7106
6107
4730
388
2196
4003
5754
3885
7256
6945
5177
7478
1423
5501
3126
2628
4425
825
3364
7564
5207
7266
1202
6927
7721
7458
2357
836
1923
4275
5685
2708
2144
6062
4753
1599
931
1986
7567
2524
2486
5312
2372
7293
7490
7762
4700
7280
7945
12
2951
994
995
7450
3329
3935
7059
4249
507
2485
1157
6403
1195
7158
6886
6018
4397
3739
6048
4389
916
6149
7217
2992
1106
2015
1063
7949
3199
6304
1018
4769
2185
685
3909
698
313
859
1763
6052
1822
2066
34
2267
1112
205
3623
5402
4803
1469
7710
2322
5373
4813
2587
7094
3542
6401
4178
7539
3859
1720
3567
5501
735
80
6291
6405
975
3496
6956
4039
3024
1408
496
4479
5040
2301
1142
4795
1989
3850
6385
780
6397
6168
6985
7702
3524
517
4440
6727
2508
6427
2558
3748
2940
7983
3105
5183
4023
170
196
2629
1671
3556
387
692
6886
4460
7592
5097
2665
6628
3053
7511
586
3273
207
788
1232
1169
6284
2253
285
4461
2105
1946
7123
430
1218
7980
7780
2756
2558
5091
6198
7329
4653
6460
1583
3387
530
5928
4450
2801
4007
2552
6677
1221
6530
6643
3886
1991
4802
5002
7994
4947
4853
5347
4954
7153
1930
2321
1291
1306
1453
2149
6800
410
6021
926
6590
1233
70
5691
2468
3027
3571
4273
3221
175
6068
6137
3155
6157
5839
512
281
1904
1606
2498
5253
3292
6349
2545
7584
6481
4519
6863
2059
7477
5084
4187
5065
7631
2649
1703
1891
3375
6820
7624
6588
2284
4474
2600
7793
3270
70
1846
4012
6698
6592
3772
5254
5331
32
464
5718
7117
510
6052
7579
6612
7176
3833
5697
6236
4703
7152
20
4458
4942
65
1406
6303
7847
3076
3454
4053
3580
1709
4840
930
3447
7509
3730
3002
2455
1075
6882
5937
7047
4457
1778
7837
3357
699
4445
1433
1772
7066
4905
4711
6470
3103
529
5741
4817
6611
1261
4640
3012
1067
3392
2558
6591
913
4510
5173
7045
93
4216
1825
6423
4386
2054
7795
4525
4965
5519
4141
2131
3945
2456
2953
6559
7526
231
121
5835
6359
6962
1354
5811
4530
6569
3170
2156
2803
3741
168
766
5266
907
5890
6016
3859
6089
2553
4367
3004
6156
250
3946
4384
2900
7798
4269
4826
7540
3304
5160
5462
2497
2038
796
5769
4951
6001
5713
1472
6723
439
4247
3734
5200
5496
5015
1664
1073
2453
7188
6210
2056
4388
964
3140
3857
1744
2949
2431
6446
94
7486
7314
4495
2826
2771
2161
6013
656
3908
7101
3780
4358
5347
7278
7675
4198
5744
2540
6641
6122
6930
125
2358
2448
6900
7833
643
5309
5434
6426
5639
2494
2655
5839
7886
7913
877
1008
5328
1378
1239
1387
6996
6137
7862
5277
4735
6129
7646
6812
2557
540
6493
7409
3531
4962
16
4963
2718
1952
6241
6318
3379
4140
544
5459
2932
1719
5565
5449
7236
268
288
7761
935
6517
1189
2727
3537
4988
5879
5332
5066
5327
4232
3233
6330
5949
4266
1638
5719
5981
4109
1408
359
4493
406
1760
6644
6296
3672
2176
7372
2289
6257
433
5042
5340
195
5137
2661
7596
2318
4504
7498
4967
6055
2641
1656
7429
6167
1189
7392
4311
7763
5906
2519
965
7187
4923
7746
2992
4112
3802
1373
502
7199
977
3560
5011
1573
3549
4462
3236
1654
5099
7795
1607
4239
325
2553
7071
363
6629
7599
500
965
3434
1975
695
428
2792
6034
2787
4732
4890
7211
7102
6910
7282
3837
6207
6750
4561
3745
1673
1669
1747
5815
5909
4179
961
5809
2543
2426
106
7735
279
7034
2251
250
5448
1908
1643
5145
405
3310
68
41
3502
802
3803
3557
5634
7171
817
6002
255
6349
4434
844
7412
1863
5130
6163
3480
4248
3255
1516
4772
5699
5882
3861
5787
2689
7
6793
746
186
732
6348
681
6559
4175
7892
513
5543
383
3156
40
1315
5868
7718
5192
5056
4515
1299
3455
3609
6738
6722
7103
1783
5050
3964
4500
4198
1602
536
6278
692
1255
5768
1300
7305
7825
5694
2529
4638
4481
7100
4907
7964
7207
6327
3445
17
5969
7911
967
5265
2429
3118
1740
6567
7247
1890
7769
951
1438
1465
7565
7089
4136
1616
2899
2612
6502
5848
4612
6397
4923
2973
4842
2506
5637
4084
416
1935
2390
6785
789
6228
3389
5922
6639
873
2557
6268
7819
5895
5855
2144
5347
1477
4643
6873
969
4019
3602
1364
5904
7895
2607
4588
1865
3266
1740
7890
5547
2893
824
1558
6924
7029
1302
2516
3660
1296
1225
1917
3217
811
6091
1409
2220
2691
5597
3798
7834
3100
1305
104
7783
6080
5731
541
7917
6743
5886
5059
3515
7200
3962
7065
5329
5642
5579
2935
1543
7089
1718
923
6028
6392
7652
4944
6348
6399
1625
1724
5035
3329
1918
6663
2543
1485
1754
6820
2298
3231
6879
2813
2356
2843
33
191
1543
805
3233
7359
4804
5855
7944
1351
1827
3136
6639
6018
5479
2958
5211
1407
7648
6392
326
997
2314
6482
4376
4212
723
5677
3637
2611
3066
6418
2928
3260
3027
1179
6173
7392
3431
3887
259
4280
2552
6168
2224
457
7457
579
3047
7443
3868
7571
2997
6326
1694
1441
5922
6338
413
5268
642
5978
6833
7834
3179
1795
6872
6848
1856
1166
7316
5428
7276
224
2095
276
1963
4379
5279
7666
4290
1131
5124
4647
6095
2607
6029
6161
2491
705
6203
6378
5963
1892
318
838
7062
5897
5755
6057
5137
7166
4079
1410
2758
7284
2989
7112
6435
6507
643
240
7471
1980
1211
584
6039
7042
4349
7411
3111
1574
3858
5889
1172
2374
1987
2154
3958
1858
2080
4776
403
1763
1628
3822
6485
3175
3093
1672
4254
1133
3698
1104
6962
1785
1958
2890
1747
6757
2897
1053
2602
7845
2181
815
993
565
5669
7963
2189
97
490
7378
7497
304
2111
4363
3742
4142
3404
936
2398
3541
7633
5991
5392
4056
4392
2305
1797
7563
4012
3106
3849
6514
4793
4294
7797
2660
5513
3693
1954
3355
445
4730
3704
2843
253
2862
7716
701
2678
3195
5736
7960
4866
7688
1612
7178
422
7105
7282
3944
7732
7255
1543
3392
1297
2715
3477
5511
5585
7282
2358
5540
4350
7286
2916
2008
1784
7146
7339
6856
1526
7319
3647
2920
1386
3719
1322
6
4739
7197
4637
7728
2508
847
168
4803
818
7682
517
4434
3810
3521
3919
6127
6801
5465
3344
3993
2965
915
7223
962
2033
3279
5353
2555
814
1785
302
4350
292
4075
3212
216
3224
5791
5809
6193
6335
4751
6089
4921
3489
1259
4336
6641
793
4918
1473
5331
4089
6014
4557
6303
4618
4150
4584
3652
5296
1457
7837
6247
3500
1021
705
2514
7164
7834
6309
1596
3869
662
997
6321
1392
646
5725
1502
5882
739
1724
7611
774
574
6576
2261
1701
2081
961
2295
1558
1156
7098
6964
3520
7657
4993
276
924
981
200
7897
3631
2283
1756
4716
4853
6886
1371
1769
1178
6898
4482
1860
7713
7336
6052
5654
5800
2788
3767
6856
4482
7749
5833
6298
5252
1793
4048
1233
5148
5922
4574
3835
7322
5921
3763
3424
5074
6365
5933
6087
410
1336
2202
3810
7983
3599
3118
5975
6068
3796
80
5035
7962
9
7310
205
7451
794
6258
7485
6687
6680
6892
983
5634
718
5486
5632
7085
4610
343
6763
5601
4169
327
5065
2322
3463
2641
331
5744
5891
7886
789
2112
4579
4750
2368
937
6024
4714
1996
4235
7368
7861
4513
4362
2628
3025
2880
7913
4006
2397
6219
4560
121
1228
2925
6576
1125
7697
5799
7805
6341
374
2360
7514
7207
588
4457
2259
7263
4605
5490
3843
2120
6717
7244
7318
5081
6175
1108
5865
6303
516
5273
3470
796
2862
4802
747
1980
6834
7135
7170
4144
6988
6666
4875
2026
1357
7609
5693
6451
1647
2148
7211
1132
2633
7949
907
3871
157
2545
1811
3585
5775
6985
2813
5638
7601
3773
2217
2081
3897
5670
6176
87
1876
4798
3958
6207
2451
2023
6346
216
6660
4052
5160
4679
2652
344
1037
491
6607
6089
6026
5662
3458
1040
1217
7435
4376
3664
332
6695
233
497
6718
270
4753
6216
2177
1018
36
6117
1118
2914
3903
2552
3164
1389
5626
6816
4863
529
6585
6610
1393
6541
7010
5090
4415
6399
3945
1393
1402
2274
4998
1076
1662
4776
4936
540
5135
7088
5443
2983
2655
4453
3557
3907
1836
3890
6567
7770
7110
1317
5791
6847
6766
6111
5618
883
6106
3957
870
7187
5654
4711
7829
7074
3268
2875
6013
2735
5444
3701
6453
5475
3630
3444
7482
4201
5116
4716
6056
3130
4869
5947
5444
3524
1380
1514
6198
1462
5239
4547
4628
3242
4227
1930
2329
1392
5493
6425
628
243
1603
3611
3197
5387
1777
1381
6658
6302
1648
44
6656
7923
5089
5479
429
5013
6839
322
6770
2336
5306
5691
1782
6379
5095
4893
982
2066
7989
279
1201
6110
3378
825
479
4819
204
3082
5313
1623
4332
776
7091
6970
5373
4925
6046
7782
6987
6202
363
2532
1478
1971
4818
7240
2533
5302
7696
5243
7399
3721
2167
5219
3252
480
1055
6577
7266
6520
5562
4742
2709
2963
2246
7299
7934
4368
1435
3116
2756
7590
4068
4215
6335
1277
6506
7159
1632
3113
5196
5152
6831
2307
3339
2998
6253
3942
3458
5207
5848
6083
6962
2017
5645
2274
2939
5185
2503
566
4903
7321
773
5659
5089
781
2378
1902
579
5547
1790
393
5325
1844
1906
2393
7601
1355
3393
7518
3722
3321
3858
639
3757
6107
6841
3592
1752
5289
5693
7681
4872
2083
4852
3180
7719
7386
5963
730
7585
600
994
298
4567
3821
7700
6175
2669
4375
5588
861
3774
5965
5875
6208
5743
1192
1470
3225
4385
5934
6019
5447
128
7485
3572
4333
4472
81
3301
4501
6344
2546
6256
33
7406
189
4024
5545
5890
2892
5194
1462
7007
6853
2143
3674
2940
6460
4222
4138
1432
1542
7614
7514
7700
3419
1449
6579
6746
3494
6013
6771
7995
301
268
3393
87
4888
5123
5515
53
6240
3911
3070
5939
2069
955
4513
599
7819
4958
6735
4867
7330
2066
1935
2631
7537
4215
7249
7633
2767
7094
7816
6591
2685
2906
7774
3861
6323
5720
3032
3530
7110
1007
5960
2941
2226
490
2153
5
6346
6467
3482
5990
4345
2594
5370
7135
3828
259
5020
4959
6974
2549
4711
4632
3159
830
6285
2861
3650
2652
5734
2245
6642
5670
7016
5633
784
5457
6405
2442
6251
7951
7330
1731
2045
3538
3887
2590
1622
175
103
3786
6568
2973
5414
7498
878
7004
5154
417
1657
6962
6791
1514
4632
976
6835
1348
5539
5780
7179
5545
6180
2152
3256
3616
3811
2055
2434
7625
5453
6368
3207
7830
192
4563
1367
3417
6454
3480
5295
4343
523
7359
6161
4412
556
4817
4412
5321
4510
2326
5261
7400
1192
1840
3378
5184
479
7013
3847
5283
1228
2170
5327
1285
2683
314
3408
1736
35
6102
2699
6194
1709
1190
4630
1664
3235
7374
7320
2900
758
4796
737
3145
5611
1485
7075
423
5028
1743
7697
6386
3143
7009
7955
285
7629
5815
6307
2140
4201
5306
6279
7383
1426
3596
3691
5818
7087
4137
7578
1705
542
5353
2713
3089
5154
3105
3488
1370
6247
6698
2806
1976
4082
6393
1064
7457
1705
6061
6501
1945
5180
7656
3129
553
4591
6420
5028
6830
1734
5255
4439
397
7116
5953
3850
5572
1791
3538
1980
4252
3419
4313
6408
1146
2753
7591
5857
7061
7556
4865
3050
1154
2065
2180
884
876
248
1187
6293
3935
1115
6412
3681
1987
6450
2474
1032
741
6840
7299
1804
2801
117
7424
3933
2172
3497
7885
2002
2878
4818
5399
3654
7709
3162
1330
781
1316
289
5597
3218
1042
7266
4509
6415
7055
1412
4293
7655
3194
6911
3799
2659
2333
4777
5893
3079
6210
3293
7120
336
5727
390
978
3789
6508
3533
3799
7831
5333
7645
549
3887
651
79
284
5554
7030
6711
7864
1595
5893
4426
1460
3285
3365
6378
777
5211
6543
2384
5525
5231
7740
5077
278
7251
5556
6941
6549
6631
7684
4961
3871
4991
4942
1239
686
6880
3962
4991
7847
5848
4235
652
7933
1655
2572
2798
7667
7405
2025
2104
5118
3842
5209
6195
4680
1708
2233
6654
465
4752
6069
1440
112
1432
799
2156
3832
5997
3553
2511
4470
849
7631
2234
3222
5660
4118
5542
2021
7697
2194
3720
3696
7837
4539
5011
268
3883
6462
5477
4271
3302
5930
4047
5372
1420
3649
5252
3228
108
1135
6109
1863
1468
7831
838
803
7769
1736
7881
7555
3099
6478
4725
3920
5076
2533
2154
3845
5286
6473
4036
2196
1534
5289
5602
7974
5169
889
7698
5312
2289
7015
2906
1921
7787
5221
4773
3399
2753
3877
5001
6642
3871
5411
7793
6400
3644
2971
4908
3608
5103
5916
6545
2018
5803
3893
4044
7123
729
1419
4874
5766
6097
4556
6141
2182
6580
1406
5708
6056
5736
7857
2843
3861
7985
1939
1650
358
3369
5282
3660
4072
1628
2300
2814
3326
7042
7698
3650
678
1881
5819
3104
3860
5151
5029
1848
7526
6190
3625
6499
6832
3442
1105
4773
5219
4842
3684
4397
1149
7295
1177
2623
4653
7041
1933
1174
6853
7544
7876
6597
3341
6920
6988
6575
1651
7424
2690
2527
2848
511
5678
4805
3303
6595
2890
654
2263
719
4000
5023
7216
2553
4945
813
498
5069
1201
1339
7824
2977
7504
5425
3780
7031
5460
7190
3836
2120
3906
683
3698
7539
4059
3747
2969
386
1571
642
6195
5076
5693
6800
1023
3757
4785
5242
3600
3735
7760
4934
4089
4018
4207
2801
4517
223
2895
2023
7555
1285
3933
1439
414
190
5396
6352
4298
34
4416
6739
826
302
4190
214
6447
6032
1888
2938
3723
2321
1548
2827
1796
1375
3780
409
1140
7030
1824
4983
6732
6187
1143
591
6185
4757
253
5856
1151
7128
7878
2710
1842
2191
5865
2693
5315
3477
3904
6337
4327
7984
2955
3612
7988
5147
1524
1341
1588
1327
3949
7385
4060
7469
4981
2065
5079
5098
3706
6760
2171
2840
2777
7391
2653
557
7873
2224
3583
6129
5301
7587
6056
3177
2992
6991
2381
4123
1826
6193
6827
4990
6425
994
7414
2304
4731
7288
2539
3059
7983
6268
1474
1045
2332
3075
5695
1210
1865
3563
5224
3992
7780
7795
7569
2671
1374
6072
7123
5779
691
6664
6683
1431
1863
7973
414
1176
5868
7000
618
4323
3456
2030
2456
836
2164
84
5918
6444
5159
394
3137
4094
7536
1159
5927
3894
6011
3370
458
1398
906
3800
329
3951
4957
2294
4697
2600
5677
2628
600
7086
1938
276
3714
4121
3268
422
3708
3830
3902
2786
6478
2262
1406
6386
4206
7794
7209
2809
6135
7673
6860
1267
6521
2616
7166
2410
1385
5477
3041
2450
1785
3464
455
130
1859
6023
241
911
4254
1164
7218
6599
5139
1685
4210
2055
2666
2904
462
1530
3421
7888
349
5742
366
2664
846
5140
3220
5251
6317
7316
7185
1126
6724
4427
6559
5315
5662
6562
1288
2787
1831
5132
6869
1134
1455
4571
2206
3930
5965
7104
2049
6638
1568
5981
1134
2610
3569
6601
6238
7477
4916
7519
2211
2490
3117
6019
1883
5760
1968
6515
6782
3693
3776
3077
23
6678
7705
4291
4432
1902
4234
799
2469
5320
1209
3348
6011
1290
587
924
2697
496
4379
1224
2740
5434
6439
3519
7993
7028
6410
3733
6212
5024
4003
1415
477
7297
1365
2705
834
1542
3752
5548
207
7506
1742
5863
2906
484
1599
7905
3675
6440
4805
5921
2760
5337
6548
1938
5375
273
7633
7262
5533
2286
2483
1317
1708
3747
6663
7450
7992
1496
6477
1722
7298
255
4032
5226
1422
1781
4019
4333
1495
4880
5015
6975
803
6987
4441
2768
241
587
2984
7072
6670
2125
1492
7475
5383
1327
5458
6962
2360
23
5852
7966
3587
5444
1973
4657
7005
3247
906
1875
3586
7645
2996
1077
904
3588
4827
1550
2577
2711
5556
7344
5659
304
7530
7366
6770
2138
4251
4717
1541
120
441
7723
1109
5140
6929
656
5257
1992
7144
3368
2655
2499
7041
3737
2237
1273
7804
4640
4325
1833
1369
3874
7175
3532
6169
6065
6065
6999
1605
4062
1506
3181
5128
1526
7740
4645
3703
5338
599
7475
5362
6719
6514
6581
1506
6846
1604
1308
5153
408
1841
5429
3002
6730
792
2131
1541
1353
7241
5915
4533
6875
7828
4908
5229
1682
2172
1577
1868
229
5579
4708
1738
5676
5759
5416
442
7224
5218
163
559
588
247
2542
5947
1404
80
1979
4051
1889
6589
1626
1998
3382
2974
7399
2764
5075
6042
3924
3315
3331
1576
1615
2133
7748
6986
3919
5741
5018
858
2432
1608
7568
6909
2569
3649
844
5556
2230
7077
2510
4305
2631
565
645
4678
4436
7753
14
5017
2843
6225
6474
628
4520
4471
6746
7256
3680
2081
7418
6130
5993
5970
311
2310
2425
5616
6926
6600
186
7904
4835
2825
6487
5517
5146
4366
4006
3912
5078
6461
178
3145
6412
7473
6500
3668
2371
2348
1997
6263
3754
3116
7890
5936
2581
3350
2868
3627
3990
3919
186
5288
7220
682
6334
7291
7563
3131
18
429
5183
3466
1101
1600
6558
7076
5621
7056
7826
1675
1674
1493
3455
3597
7149
2309
5311
4530
7083
5142
631
6158
4586
7009
22
2167
2287
6562
1770
7889
4554
2844
6238
4869
159
1754
3988
1424
4177
5648
4123
6264
7500
31
205
537
815
4663
1992
7773
1365
5975
6151
3530
2879
7600
924
5684
3359
6055
5900
2836
1667
3193
5959
3057
1629
3898
6850
4859
619
1654
3827
7415
3847
312
4008
3795
7373
4008
1733
5083
2532
6159
4312
4996
4779
55
5210
6630
6466
6894
6469
1095
1714
425
2445
2450
7162
2756
5756
2215
3191
6439
3373
2188
3183
3397
7588
6337
3386
766
4041
4080
3085
4388
7999
3779
868
1243
5285
7184
3979
5786
5609
4720
1226
3022
2692
493
1259
6557
2390
6553
5801
3783
4126
3323
2295
4585
2453
1253
6825
796
7400
1185
5571
6586
4945
1225
5789
2369
1489
4278
3887
399
5132
3473
383
5197
7680
3077
1572
7273
1635
405
6646
5819
6233
585
5076
713
463
580
1617
4966
2743
5809
4219
7157
5408
6428
522
1355
7921
3549
2850
3570
5825
7854
3205
4234
5398
1886
792
6219
5625
7198
1424
5797
7346
3833
1017
6728
7782
3745
1571
2431
5065
4772
6249
2615
1
5374
4639
6878
1689
7559
7511
999
7454
7245
1104
2922
3738
3004
4668
4583
2602
7610
3309
3307
6142
2576
2971
1611
2797
3586
1428
7565
3123
3263
5633
1895
392
5491
4688
5151
3741
7674
2243
5073
5878
4656
5973
3727
2270
7204
4548
2722
6412
5035
1152
431
1873
7952
4974
6965
7482
2217
3161
1779
5384
7557
2998
7143
5449
7617
786
7280
7954
7610
4314
2645
3932
4956
646
4894
1657
2905
7460
7456
7857
694
4093
7767
3901
383
4517
7083
2015
1307
5860
3221
4060
2618
4924
2139
3799
5930
3351
7031
3212
5449
79
6230
6373
2517
3481
7804
7932
2463
15
4
6574
5855
6168
4805
5272
3872
5110
7569
7089
2908
3243
5847
6340
1826
329
3688
7944
6387
7573
5526
7389
6061
7895
4345
4582
1631
5249
6603
317
6203
6905
3571
7127
2281
1797
159
4726
2104
466
6474
2885
3503
4257
1309
7699
642
2703
3313
3375
1824
1663
3635
220
6313
166
3489
2737
6589
2034
2993
16
112
5464
3216
1024
2265
5497
6279
5930
5898
7344
5306
1133
1690
4026
6795
3230
5917
4034
2651
7007
2485
137
2353
6042
5762
6703
5747
347
885
5024
2576
2888
578
4574
4672
5309
6772
7654
6371
6216
5274
2
1606
7742
7647
1771
517
824
567
5528
4554
3565
885
6887
1587
749
7546
167
7442
1656
2185
5376
7886
3001
3509
5887
1446
7906
4219
7234
3798
7589
6764
3068
4562
6860
3075
7654
7151
1781
6357
5763
7649
7278
6566
334
5407
7081
2519
577
3875
3292
4669
2436
3213
760
1422
6449
5927
3651
7029
5248
5443
7124
5573
2516
6785
7850
329
4961
7981
5738
5690
1656
5445
5172
1994
6256
152
4577
4061
3315
5129
2906
791
3042
5299
6616
4560
5030
4070
2483
4452
5396
2512
809
1448
3260
5368
2414
375
1550
4643
554
810
5098
7705
6036
2726
3523
4545
4009
1294
558
7593
5000
3097
4173
2402
2413
575
6354
6792
6216
1870
5938
224
2553
3161
5353
7450
3563
1231
2531
2869
522
4713
6158
5313
7330
4349
7738
3968
6229
7344
4201
3494
6329
2889
1273
1472
7500
1184
7851
7537
5460
1077
4623
1303
7448
3420
3854
4235
2036
4886
2323
2887
5533
2876
3607
4707
114
5460
1673
1784
6202
5766
4438
2277
7424
1768
1690
2288
7176
6198
7587
1604
1837
925
7901
4120
7256
5558
1760
3057
7391
7056
6995
5822
2680
3174
251
6496
3224
3184
1956
7885
4396
7893
3370
6922
5363
6845
484
1109
4726
5125
2734
7653
3045
7308
5202
1929
5584
2410
1683
2477
7358
3521
1877
6396
3053
2731
4396
3423
1703
5779
2559
6179
62
351
3800
3640
4516
1419
780
1301
1321
7441
4866
2617
6161
5956
6433
5581
6545
509
7514
7206
6694
2732
3343
7526
3923
3664
7070
5569
6005
6977
7951
4701
6468
4330
1878
6867
4904
2965
1412
5459
5749
7839
1424
3492
1093
2826
2302
4616
5361
2353
5674
3453
5484
2518
1843
5792
571
343
3975
5485
2389
1280
454
6433
1427
1594
6101
4928
659
6368
5122
5811
3887
2738
3791
73
725
6242
6109
4318
579
3276
5047
345
5986
5059
4535
3279
5052
5318
6936
6917
1626
402
218
4050
7422
2961
6412
7459
5369
1392
5113
4121
5291
3534
3761
3149
405
6032
115
1843
6556
7569
6260
6364
1757
6903
1870
2645
5415
3937
3400
1581
5721
1852
4798
7124
3737
3765
7533
2335
7662
7049
4381
3624
2363
7351
1323
3411
6233
2071
5618
6315
4047
1797
7190
7018
2737
6197
7532
2327
2450
5034
5065
6602
4583
7362
6182
3147
6777
4713
5677
7065
6726
7150
6114
4358
6517
882
3441
2879
7285
7228
5968
5994
5297
6186
6160
7784
369
6723
4230
4154
3728
2087
912
1855
4950
5223
3654
2779
6386
1969
1279
1908
2773
2276
4989
6166
5037
7490
6006
2807
5692
5251
3392
1876
2517
4742
3480
1913
2803
7139
3534
1312
1846
668
785
113
1979
3761
6931
4200
470
6162
2392
2069
6383
4463
4704
2620
2806
236
6575
2332
6660
6704
5942
2381
2639
4253
6559
7874
3658
1626
3578
6511
1047
2955
4543
388
5546
7778
6079
6871
6459
1679
2092
4895
3495
7251
7361
3100
36
4978
1679
5269
4575
775
4966
6457
1460
497
2076
1063
4169
7851
3261
841
392
6074
7183
5595
5687
6719
5696
1098
5877
3116
7150
7799
7635
915
7315
2138
3340
1754
7628
4099
3875
6795
452
2364
6872
520
7361
5387
774
4572
1739
7060
2716
6316
3636
5658
2165
2636
3529
4070
4695
6958
4243
2357
6154
3034
3969
3303
5527
1997
1186
5505
3140
2299
3021
3045
5891
3475
1491
3503
7832
7346
4135
2597
4259
4583
2234
1164
3470
4175
7157
6999
7183
6943
5842
5115
6170
2624
1752
2206
5799
6293
7985
2029
3803
5144
4265
845
4950
3106
2565
6697
6936
5833
1342
2858
7632
4259
4761
7941
7107
1065
7268
6765
1813
5431
7502
3690
6712
7024
2788
4354
558
5951
2532
5075
5756
2616
3456
5826
1389
5916
1904
6670
575
6780
4980
2174
5231
6004
5605
7929
3420
2137
567
6260
7450
301
1998
1157
5846
1935
6841
1623
3489
5808
1615
6774
3483
2815
7204
6794
1917
5031
7720
5089
4162
5294
6685
37
7411
830
308
4525
910
6401
515
3118
4818
6053
5860
4626
6442
6399
4844
993
1587
1035
5574
284
3436
466
3244
1449
7481
4260
3265
7271
5268
7813
1038
291
1617
4388
2136
3108
1163
646
7514
3041
6640
7618
2021
2579
7207
4645
6800
4517
153
4021
4189
3911
2595
4691
6761
5409
1238
2234
527
1829
7529
6884
7643
6013
7548
3595
38
1316
7689
2764
1491
3920
6377
3432
804
525
5441
1381
6394
5029
4487
3602
5031
2875
1780
7463
3889
4664
2504
2442
2022
4124
5877
2542
6359
2678
2665
6742
6898
3631
763
7480
2752
7360
5617
1212
1911
3588
2028
2595
701
1064
4593
6341
3258
4542
2388
5363
2648
2801
643
1275
5786
2643
6700
7049
4310
6866
5836
7530
4752
5770
4373
3244
4277
3188
3259
1698
2993
1531
6748
1796
7661
7855
5642
2995
2344
5522
4342
4121
561
7312
7994
5743
7870
1997
2626
216
5804
4438
3672
4587
6420
2553
4236
2830
2310
3248
3004
1341
3813
3192
2757
234
4895
6848
3334
4671
3207
4605
7694
5311
2320
7386
2850
3530
4392
5069
4588
6911
2030
709
4418
7611
1874
1215
5906
2496
3656
7352
2984
2482
3241
2045
6684
570
6630
3998
6427
6285
6249
5313
7696
391
2122
6418
5486
2161
4970
280
1565
3170
6256
803
2878
5953
7838
4449
3613
40
7759
4753
1458
7652
7695
4367
1428
5337
6679
5517
7099
195
7459
994
7152
791
754
252
4115
839
3482
3634
4552
1765
3397
7540
6080
5919
2827
6052
2591
7528
3950
125
5135
7480
6316
49
3745
7913
7877
530
2843
1346
137
614
4130
529
540
1309
709
1521
1610
7518
5155
5676
2369
6205
5499
3001
1903
5129
1678
5030
1721
2371
371
7313
1236
1193
2423
1232
516
6703
3950
1200
7599
6351
2011
859
669
5624
759
7251
5839
4194
866
3739
825
1665
7907
2356
732
1623
2461
3396
516
5924
2641
6740
5275
57
1354
1584
6889
3499
2409
2353
5289
1442
2893
1815
1097
3537
4318
3728
3709
6016
6263
6998
896
2500
3374
4788
4904
5201
4801
7912
1956
6054
6430
5348
6037
1254
1678
2991
4231
2503
1344
1449
5515
5475
878
6251
3890
1644
6958
4492
1512
2237
791
4545
7914
2187
7758
3932
4901
5242
2092
4405
6765
3148
5261
806
2838
7668
3640
7599
5427
1865
5030
442
6057
2390
1521
186
5614
1230
2266
7340
1252
7836
5623
5824
6028
2457
4599
2705
6440
5015
2900
4942
6002
7578
1684
3645
626
3302
4219
3478
704
3572
400
6283
7638
5118
7754
1767
1041
3129
23
5652
6340
3747
1930
3127
4665
2546
7391
246
7301
3884
7147
1625
775
6485
3045
5070
1789
1282
7306
6087
3906
1292
1714
1278
1384
5280
6445
7128
1902
1076
3545
359
2910
4884
708
3850
3782
2266
4408
2479
6928
60
807
1145
7424
1023
628
60
842
1482
476
2661
7886
2133
3775
951
1265
1280
5199
5680
7321
4416
2964
5066
5509
2036
2713
3293
5254
6486
2166
1058
285
1741
4667
2386
6835
3422
2934
3500
879
4483
7586
406
4343
1428
1260
3291
2055
162
7202
3603
3047
7907
251
5920
7116
1671
317
7572
1165
2857
7439
2736
3904
1377
4891
1608
49
2614
1503
1602
1726
5169
1873
2301
7378
844
4461
4302
1916
4233
540
293
491
992
1474
526
5192
3728
5924
19
6128
471
4597
7487
525
7741
6844
6206
4944
5322
3107
2465
1165
983
5341
5181
5618
2114
3509
1075
5093
2491
3568
7946
442
4859
3743
311
4046
5333
3971
7103
7555
1765
4572
1523
1943
1124
4816
6874
2979
2782
1909
2413
7022
314
2043
6972
2860
2680
7481
7982
534
2938
3922
229
1767
2169
6787
640
1584
3416
5837
2426
3608
7829
4921
816
5620
924
4429
2111
5119
5750
457
1931
4918
478
5086
5597
6483
1780
2092
36
4131
5707
4534
5020
902
1373
1829
3084
6275
1630
4917
5545
4165
7789
6784
7640
5494
1767
7525
5009
5239
5014
4757
5023
889
6407
698
4932
4603
1977
516
7609
5728
6833
4689
466
7276
6891
6135
1920
7067
1579
6385
7793
3102
5937
485
7506
7155
3082
334
2740
3423
1731
4299
7820
1547
3065
1667
7253
3001
7244
2675
80
3041
1778
3029
5355
812
5991
6510
2304
588
6210
1461
2228
6070
931
5915
6400
3325
6281
5179
3980
7436
7616
3232
6263
4288
3511
4781
4019
5024
3440
1773
142
1978
2896
6200
1035
7131
1878
3774
1967
5418
6953
2483
7767
7585
7241
2135
5830
5481
7720
1569
3837
6802
2962
135
5379
5036
7622
7405
2692
2436
5225
1767
6678
126
1360
3309
6358
5772
1723
3930
6833
7752
3362
5088
3199
436
5223
7885
1481
6475
3754
4018
7083
7875
1915
3509
4693
866
4586
2293
2347
4666
7355
1493
7117
5571
5494
1448
49
7763
7962
567
4971
508
4977
6833
4558
1346
3327
1776
5421
951
2516
6308
5242
1525
6529
4830
2064
632
2407
4603
5324
6870
3371
2795
5078
2523
1221
6557
6334
6917
6776
649
1
4504
5340
5977
4394
2719
7895
7989
4757
3585
362
1769
6799
4988
5607
6837
6233
5760
2945
434
1675
6634
188
4828
1366
6875
3267
7936
1762
117
408
5891
3542
2866
7398
12
1205
7584
4594
1295
6309
5821
7408
7415
2444
4907
6898
7151
979
464
6203
270
2828
4556
1138
2141
1904
5272
7410
4101
7169
2040
7038
474
7822
2204
4242
3646
7957
729
3924
7347
5378
4671
5609
7041
5206
6678
5029
896
3875
2362
5914
899
7924
7696
7505
6689
2313
7396
919
7585
4479
161
4014
3393
4622
3371
1125
5347
6765
5277
6722
5589
7120
7066
3227
6523
7505
978
6916
2524
6637
1107
7202
6341
5605
3017
7454
5981
3780
3540
6966
5191
2880
6788
5933
2797
1082
2996
2914
880
1824
1344
7487
5673
1778
1572
72
4442
4257
5170
83
4534
787
1647
7063
6793
132
7947
3804
4101
4166
1980
2514
3435
7849
6902
1022
3666
1141
5641
5071
7639
6292
2710
2063
4962
3469
7407
3957
5840
5739
971
3863
3394
1980
5026
4220
1986
1653
7275
4367
3917
6515
6576
6320
385
476
906
485
2660
2788
3583
1006
1614
2924
5108
5622
2485
4228
3664
3109
3667
6609
2992
1043
7414
6090
768
5334
1507
3740
1980
7612
7464
2094
643
6740
3261
830
5781
3687
4886
106
7081
4484
5512
4555
3822
6521
2325
4092
1948
3550
4758
1400
117
7691
3460
2209
6557
7401
7650
2845
7123
6886
6219
2843
2699
1666
2451
2676
1258
1351
3613
3372
157
1941
7033
7639
662
6811
5111
664
1317
2786
1037
7237
7535
5187
224
3302
3853
7097
754
4317
835
4433
7785
6943
5659
5438
4216
224
7453
3657
4012
5837
7214
4901
6549
1843
6851
5344
7183
6013
1728
6006
7020
2650
5361
1981
5987
3018
4488
5630
4128
1857
7287
2846
3078
4939
287
5544
3651
945
6200
2674
815
1847
6929
3779
3974
1869
80
6478
2241
6110
295
5277
6863
2245
7445
2185
6069
159
1622
5477
7935
1083
1065
4539
6498
5742
2620
110
1712
2372
2549
7423
3958
6417
6879
4906
4853
5605
3247
4848
7483
2717
1971
368
2334
7766
3798
815
2901
3645
3986
4535
5427
6466
6130
6107
3009
4715
6339
4440
4278
5061
4055
7318
7957
821
5621
7566
4836
2348
2592
3463
772
3129
7490
2169
4914
2744
5493
7954
6361
5992
431
7382
2513
4698
7815
3873
2744
7622
4072
3848
3499
7672
7569
1182
5666
2407
838
7890
7589
1574
3542
4854
431
3316
842
6938
1246
6766
4583
2711
2195
2084
7456
1640
6316
456
348
3954
3995
2370
7647
420
7715
6817
5847
5113
2415
1453
4550
1434
1679
3608
6086
2017
5583
6995
4542
2489
310
2684
7200
6113
3928
2164
7964
1423
7128
5007
2212
4337
2622
2661
6365
1102
2545
1669
3999
2059
1233
7625
2025
4042
2803
3141
2660
2349
4794
7897
2066
4536
270
5030
7123
3029
4540
7709
2900
2608
7402
6451
6676
259
4021
5745
3092
5420
6889
3047
1563
6713
2140
1793
4259
838
1191
3633
4836
1086
3010
6476
1594
5693
1147
2417
3189
7382
5139
2147
5501
5360
3509
3512
7328
7627
6676
1067
4474
4961
7904
7180
6528
3687
420
3798
2089
3634
3583
7841
4281
2295
5821
46
1258
2091
5969
3872
2362
393
6577
7626
2316
7282
5134
1187
1851
686
1455
3478
2370
7184
5609
886
3329
4792
509
2639
5869
2930
2254
5336
3095
3132
7421
6660
4759
7589
1635
3383
1237
7761
6890
7574
5875
5721
2952
3127
5978
911
7065
2872
352
7135
1880
363
3603
3473
379
495
6309
4330
5928
858
7604
3186
1431
530
7540
7505
4613
3987
5201
4490
744
1291
2424
824
5681
4371
1384
1555
6600
1457
6594
5166
7402
1877
1073
5625
4292
2495
3490
2603
7170
6845
7071
1883
7349
5202
7052
7279
3359
2226
4284
4459
7326
7466
3632
5995
4723
5853
4590
5228
4335
3497
4283
5444
569
7785
7797
3954
7614
5395
4175
2640
7989
7808
5353
2853
398
7628
6667
2775
2550
3283
4286
6077
7049
4124
3591
6355
6677
1106
2753
7111
7239
6253
1942
3888
2933
2992
7449
3742
5767
6091
3971
6668
3330
2400
7113
6258
7091
419
3158
1207
756
26
874
7748
5086
3268
3534
4596
5131
7254
3699
6375
2758
5920
3815
4470
3602
6862
1011
7424
6932
7883
6739
7907
6621
5952
4114
71
1240
58
3586
2260
2893
2218
4437
7043
783
1158
2332
7570
4360
1676
7577
3857
3807
3174
2626
7898
131
6377
7189
1246
7959
4279
4946
5978
5818
7877
6106
5480
1777
4791
34
7025
1076
4199
1812
2304
2706
4997
7938
4338
7361
600
6279
6410
3654
227
6972
1505
1149
5475
3860
5818
326
4916
6421
4851
6028
4050
2483
3224
2675
4349
587
1874
7838
6391
3897
4669
5850
4007
22
5463
1066
2976
145
7955
623
7739
5737
3022
7092
1952
4548
6361
3668
5476
1071
500
3528
7756
2611
4828
7825
4784
1424
1020
4478
3643
6617
575
1115
2127
3819
6597
6902
7941
4363
2483
4431
3858
1499
2917
7451
3653
2681
575
3637
6508
1269
673
7458
5719
44
1976
5887
4468
5509
1713
3785
3417
2120
329
1545
2977
214
6016
666
1581
3465
6317
4120
6988
4265
5674
5543
3509
5831
6895
6749
6001
6906
6012
1485
3862
5171
7856
2929
4269
6527
5431
1075
4213
154
4577
1880
7041
810
6669
1033
4796
4575
4100
3392
4109
6756
3042
268
3285
450
7086
384
5909
7058
5195
1278
5805
2461
4168
4443
639
7762
7570
6767
306
6498
7177
636
2643
5820
7727
3257
1877
4640
4413
6586
2937
6754
4816
6205
2057
5629
640
1299
4926
7378
6226
3112
6977
6140
7747
7858
3598
7632
1604
5874
5557
2870
1862
4330
1019
4830
5099
2332
7965
418
2972
6650
5044
1463
6648
3055
564
4430
7145
7880
3662
1037
339
2881
6518
3877
4390
5608
1982
2767
4115
2672
929
7528
2140
3285
7069
5671
5571
2406
1911
439
7588
4468
354
4917
2335
4949
6778
3400
3053
3157
4779
6103
1364
826
4911
427
3701
3635
756
7139
6979
989
3803
654
3790
7345
7965
873
509
7308
968
6196
2010
4764
1191
6131
1480
868
3456
3198
6543
7661
7415
7173
152
4554
1296
1764
7604
5510
6418
7327
3478
6380
1926
890
5665
2354
5919
7992
3996
1666
2291
1198
7747
2534
3687
4162
3639
3984
4906
2117
2069
4804
1624
1323
3299
1187
6398
4451
359
1749
5181
6551
7826
5457
455
4546
2969
1356
7623
3048
6885
4796
1565
3831
1952
6535
3463
4984
6192
4237
3035
5170
2881
6479
1456
2075
2106
6266
4061
7036
4241
3924
1241
1888
4602
1218
5762
3256
3898
1395
2553
4430
4123
4589
7274
2212
4600
3058
3369
681
696
654
1912
1495
3479
4096
4645
4396
3360
3202
1936
4226
951
1271
5578
3789
658
6577
7962
2417
1352
6556
7129
958
7746
1354
2429
2249
3470
411
6322
3624
7314
3016
7716
6153
3805
6797
1050
3823
2713
305
4668
5066
1053
7731
3445
1843
3295
5330
3635
2433
5062
2489
3851
7946
2206
6470
2426
6522
4069
2742
7622
1801
6914
7982
5444
3292
4757
40
2290
5562
2345
7416
452
4969
3014
3130
2620
6245
7844
4955
4786
1212
2554
128
5939
969
3252
1238
5894
2378
4674
2807
5642
7712
7821
4790
4411
3940
644
3719
147
5600
2645
7886
6925
5745
3576
4226
2820
7159
6117
3902
826
7350
4646
2404
950
4428
1606
6894
5893
15
1705
4434
4128
6658
6709
5649
750
116
3310
6301
2144
7670
3104
4389
6778
5367
4661
2814
2930
3326
486
2607
3505
4098
3662
985
5430
6889
4443
4225
4698
2716
5405
5692
2286
7171
4865
1718
704
4386
6359
606
253
7759
2766
7730
5168
911
3970
3938
1512
1613
3308
292
376
1782
1016
3667
3480
52
3892
5892
937
3204
676
1640
470
2614
5042
471
86
321
834
4799
1485
704
3428
4904
6034
525
5964
1336
1274
2895
6645
3237
550
711
833
1535
279
107
7255
1436
6208
3786
254
4335
3470
3945
5715
292
1461
6770
6198
1628
3429
1084
2565
4933
3547
115
5888
4244
6036
4196
2956
2402
6429
7144
6483
2721
1223
7018
328
2745
7606
5590
6920
3395
2328
1439
7964
7457
690
1389
987
4279
2453
6626
4332
2187
6512
6600
3818
1141
127
5144
4960
6402
97
3881
4659
6635
1352
1396
927
6253
1738
2560
922
1029
2196
1326
2452
842
2493
2083
3296
6694
440
6477
5164
1970
3492
3476
2860
5358
7614
5663
1430
794
4470
4224
3526
3955
3871
4029
5761
7629
1791
1340
2006
2505
5446
6730
5792
6516
3484
7048
3561
7165
1619
6130
2985
1616
1852
1997
5228
979
1813
7597
4497
4284
2976
6240
3630
3405
398
2235
7121
7533
730
6911
1122
548
7603
2662
5668
7603
3665
6736
5530
5646
1129
6917
7558
375
4859
3878
396
1912
2569
1909
438
4157
3938
6397
2385
6155
1244
6496
1012
2401
159
315
6880
2730
7774
5624
1539
6747
4513
1967
6359
6895
4414
4089
679
701
5735
3028
3314
2546
3292
7724
936
2225
2753
2380
401
4740
2186
6688
2381
7741
2770
5798
1910
4205
4683
305
4514
6016
3152
2970
6532
1972
5079
2115
4978
2484
770
777
1665
533
980
3974
2892
6316
1409
1151
4692
2313
3230
2545
5889
2709
3959
2931
3655
4419
5311
1928
4900
6774
1634
5507
261
4655
5751
7831
2568
2545
1489
5370
7644
7284
4341
5942
6597
7105
2853
3148
6780
5616
2203
773
6963
1084
7377
1686
7414
6784
317
6511
7277
401
2075
4768
62
6583
1186
3624
5967
4488
4696
4124
7849
2595
1729
1009
2680
5894
947
7718
3439
4749
5637
6992
3912
1992
6949
963
3945
5879
4297
3482
3490
5348
766
1636
4755
2589
4124
4587
2859
6157
2267
674
3211
2039
6718
2346
2249
3854
429
5505
3280
7347
6368
6216
5860
7371
119
3951
131
316
1768
4223
7975
3269
2512
3
6696
887
106
7124
3007
4756
2013
3008
3046
2947
5359
406
2394
684
3544
209
6210
54
6065
735
6442
27
267
1292
5736
3364
220
6352
4191
774
2645
4593
2082
2393
3983
3286
5488
6513
7459
234
3613
5531
5784
4713
530
3446
6903
7754
5803
7915
955
73
4734
7242
6117
5200
2300
66
6315
5249
7151
6269
2896
7715
4131
4182
4431
678
4769
824
1521
20
4438
4820
1150
5911
2451
574
4304
4129
3694
6949
3523
1532
773
4973
6088
7854
3746
3051
5145
3208
5754
6652
7559
1803
4048
1154
4655
6328
1591
124
4619
6643
1268
5377
4324
5651
5698
4057
5669
1929
7022
56
4363
554
1827
5848
4217
5914
320
4018
2280
3927
1701
1560
1020
5727
1805
5362
1777
2367
6805
1299
1524
7482
5019
1783
5454
978
4994
219
7355
2037
849
1401
4825
6279
5499
4447
3260
2504
4473
7915
4894
5346
7379
421
4404
4178
5055
121
2779
4144
4832
5519
7345
6940
1007
1545
3393
5127
2871
2776
4694
5787
4538
6716
7216
2568
177
3798
2197
2477
7601
2795
3070
415
5737
7991
6898
3992
3976
4971
4785
3903
3387
3270
1414
1167
7700
2123
3648
359
5894
2148
6970
7534
4301
4307
6037
5025
1131
6097
199
7739
1676
2117
6669
3840
203
3874
1468
4389
6029
6365
2229
2911
4811
4042
3383
1030
1518
4498
7375
2150
2899
7635
2154
6435
3246
6356
4427
1030
6538
6179
5591
3048
1262
4622
5198
3833
4700
5946
2196
1197
2163
7907
3565
2437
6260
2032
4040
118
97
626
5234
5879
833
1017
5483
5804
513
5139
3990
362
5877
5794
7753
3495
1595
4057
7941
3839
7232
3987
255
2405
220
4431
4957
6116
5977
1804
1980
2065
6417
6717
3246
6416
5429
3498
1217
1087
5802
483
2298
2114
2125
5217
4833
3180
343
2362
1334
3846
5340
2048
7617
2880
750
2232
5639
7409
4062
1138
7704
6541
7522
777
4678
2658
2066
4537
3056
5774
4877
7448
252
3265
1145
499
3811
4395
5671
4934
2597
1794
7124
2199
5982
5233
5067
1711
2737
2208
744
4662
864
2332
7864
5482
7102
4516
3005
5564
7739
7567
2574
7239
6175
7901
5466
4525
5906
3992
2445
6416
5911
5158
6603
1130
857
7150
3609
4298
5854
5477
3611
428
7768
3444
1592
4723
3738
2952
6681
6149
360
1077
3175
5959
5847
7460
691
3559
5230
4333
719
6631
3941
15
7095
7338
762
5084
7250
5043
2586
6695
6724
7112
3460
4216
3359
1410
5259
3433
4985
7604
634
5345
2776
758
6162
6890
5898
781
3054
3120
6354
2680
2248
5464
2876
986
4820
3962
4682
2365
1767
12
7041
1998
3664
1608
4599
5180
2163
4737
749
7796
1335
6044
3375
7956
987
6845
1329
6957
3491
6799
3349
922
4780
7856
5002
6007
6945
5948
6030
5248
6035
6984
5106
4812
5184
787
4441
2446
2126
5520
6855
3694
4371
4342
4649
1963
2012
4281
4742
798
267
6242
1471
2600
6211
1823
6283
6598
4133
3061
4511
5307
6407
1026
4298
2752
7601
6417
5569
330
2700
3423
5025
2788
6074
5067
2559
5273
6659
409
4060
7778
1369
3680
2940
348
1572
1697
3912
514
6727
3770
1365
7776
1146
1623
2365
5629
5547
6709
7115
5732
6398
5873
7312
209
6034
4469
5348
3302
529
4071
6206
358
3954
1999
7536
4377
6047
88
2292
942
1474
5766
5063
1201
206
2675
6127
1713
3757
7675
7364
1126
2383
5356
1127
3809
2504
5366
3717
5299
1148
2665
936
2832
4330
4318
6043
3416
5828
1824
4527
7215
7748
7034
3892
2877
6877
5216
7067
2121
3800
7263
1426
3830
1769
3272
5222
5372
604
181
67
3903
7406
697
3862
5321
3128
6696
7750
895
2258
6311
1158
306
1756
5457
7652
3208
4569
7282
7213
5261
3128
5978
603
2400
3574
7801
4488
1150
6683
577
4559
2536
6081
5172
974
728
2236
2400
7122
5390
1364
1143
6322
312
4781
1039
1911
7228
1720
7910
7778
3043
2629
3497
442
2734
1200
4202
6259
4882
777
143
6686
5661
3023
1390
5739
4097
2325
2385
5600
1929
6808
4463
3146
2824
4558
3141
7624
2923
6174
7044
6194
7281
1351
173
5243
2520
5926
3932
462
3468
7355
6084
2800
101
5142
4224
5549
6456
2571
3070
7503
3564
1067
6418
3123
5536
2318
4103
7210
7908
6083
4630
6452
3263
2014
5982
7918
6711
2293
5952
3560
1152
3524
5083
2517
5759
48
7583
4380
761
7627
6877
7016
3097
5291
4522
536
6218
5678
2558
3793
4464
3397
7293
5375
4688
5582
7066
2337
7039
6125
3105
2961
1980
1008
6913
2645
4344
6849
4558
2553
5143
7178
5449
5677
1158
6527
7573
6270
3035
5568
5314
7883
4023
3703
2461
4561
3789
4004
5195
6149
237
4078
5186
7861
2314
7541
5300
5741
7802
2978
7452
1736
6103
4907
2927
6065
4759
2210
2829
4423
1289
7655
7875
7962
174
2814
5115
4434
7090
1787
5185
7728
1030
218
3186
1643
7579
7787
6787
3900
7292
6954
7531
2614
7880
3629
2606
3724
7307
3062
263
3831
4857
4968
1458
3119
5830
4439
1043
6392
2246
6196
4890
5112
5252
2781
7678
1832
5550
3631
4815
6392
6385
3060
1862
6974
5182
627
4261
1170
5623
1241
5241
597
5381
2334
2703
2507
1516
7022
1416
1071
1578
4778
1543
2854
5243
690
4134
7178
1661
5644
4506
1918
2533
289
3297
4519
967
3453
27
6843
6724
7219
5634
5105
6352
6302
2952
984
6302
6594
6859
3652
555
4304
1592
3235
6948
4552
6585
493
6773
825
1500
4218
7599
5860
5634
7917
6101
6591
959
6165
7957
4470
6332
7498
4808
4067
1231
3516
4318
4971
36
3078
7797
7438
1768
6558
5248
5156
5587
7966
5088
7349
1554
736
7131
7975
7831
1218
5435
82
7161
4912
7944
2657
532
5040
6257
4866
1299
2537
5962
3055
7444
7020
4604
4146
4170
7968
7737
5048
2944
1370
3518
4010
993
2571
5719
6258
5095
1763
3176
3527
65
7810
122
1591
318
6209
7569
1968
7335
3584
7762
6171
1721
3291
4943
2210
5565
6459
3313
6610
6278
4296
2177
5980
1671
4028
723
2166
7630
5651
6991
5983
4257
4831
3677
703
2931
7032
6764
2412
3523
3920
6560
3017
2386
1060
3478
6537
895
1678
724
1681
960
4855
4114
6059
5151
6392
4495
1221
2162
7053
5321
3134
3207
976
2256
7624
6844
6878
6424
7495
7343
3535
7570
3256
4242
3376
6752
3609
2627
7595
230
6637
4830
922
3185
7195
2428
3830
6925
1432
7182
2575
4721
6119
4774
175
5104
2937
5283
1570
7224
2644
3788
6695
2312
2574
2786
3110
5872
4819
4152
2125
5052
3909
3628
1022
2433
1046
5227
1841
4698
4984
1794
5614
4245
7174
731
644
2882
6177
7611
2944
7679
3893
1152
7086
4709
6931
5665
6730
6772
3289
3441
4233
4745
3208
441
2498
3646
7149
4290
5008
7160
512
7389
5258
4769
6798
593
5985
64
478
4348
5574
3257
6865
7661
723
1677
1128
4130
1739
48
2777
1927
1730
5650
2266
7803
5617
6803
5231
7212
1883
3363
2664
5936
5091
4722
5424
6768
2350
7292
2767
5962
1564
5883
7412
5060
4342
7220
3230
1775
4633
930
5272
5640
1694
855
2075
621
5256
7104
529
1916
7253
3281
7476
3018
7415
269
5789
691
3833
3015
5994
7368
6814
2303
6427
5406
3604
1086
5605
2898
3385
7959
6957
6658
27
5826
1703
6111
7083
1873
7910
4707
6424
3444
2019
6570
4324
1000
1501
2473
1940
5629
474
3791
4737
6594
7755
5942
6733
1158
6383
3310
2892
7271
6830
2150
1858
4704
6188
5222
2525
5137
7001
2891
5247
649
7049
2830
927
5829
7904
5645
7629
6406
4394
5940
5522
1742
1735
2184
1717
4342
4803
2448
5914
5743
7236
2336
4806
7507
7708
1411
6335
2564
5516
4592
2574
5913
4451
2222
7825
4845
6170
4409
2628
6856
4436
5111
1416
4830
4353
1592
2234
3249
5053
6446
6625
6499
150
6028
1985
5212
7019
6265
6156
915
2479
625
7224
3325
3725
7737
4524
1424
6182
5437
4436
5363
3126
2567
6036
132
5780
4318
6936
7493
7384
5369
7818
6180
5143
2718
5149
2405
1289
7516
908
2081
5643
495
6337
441
2868
683
1940
1444
4570
3410
6253
4335
4307
5821
2849
704
270
5667
66
1302
4524
7583
1333
1170
6716
931
5105
4679
6726
148
11
7393
291
3138
1453
6834
329
387
3621
2907
7013
7403
2273
6697
133
2177
6989
110
1081
1633
5133
6168
489
1507
5455
6739
3457
2974
3195
6793
6296
105
2715
217
425
4013
1902
1536
2491
4070
4508
7972
6371
566
5955
2621
2528
3302
4207
480
1956
5114
2857
4393
242
3567
2086
4357
226
2835
3203
1171
2903
7928
5053
1355
5377
3800
6520
6357
6652
3832
4196
678
1922
6694
5933
2336
2508
3835
6972
91
185
7314
1229
2119
254
7304
966
31
7335
7445
6038
3184
3353
2452
1907
1115
4049
2947
3200
2246
5137
6294
3722
7201
3102
7036
1851
4737
3180
5180
6053
7374
2760
5078
5326
4242
7726
2557
7549
7396
4648
4590
1104
1065
6469
2986
4443
4561
7664
7881
7242
3799
4730
6831
292
2981
2213
2700
526
4411
4845
698
3065
1343
1120
6624
4755
6459
5587
7156
5629
6915
1208
955
6467
1748
6386
4088
7034
2566
1357
122
6533
6817
1239
6496
6320
4594
6019
4230
3644
2638
2433
2800
6940
7456
220
5561
6917
1206
4367
1016
4856
468
768
6880
7793
1120
3966
307
6379
283
4523
3100
1289
7036
7005
3600
3783
4823
4363
61
5524
7423
2887
582
1240
5815
6718
6003
2668
6043
3374
4287
6108
3766
6644
3903
2702
3584
3587
5356
6332
4983
4529
6864
1564
2968
5483
3018
7650
4474
1033
3005
2907
6472
7868
4123
6458
3801
4388
3529
7486
6384
6267
7200
2850
4898
4460
7264
6552
726
6107
2870
5296
15
3856
7902
3226
7404
806
1144
3433
3562
4889
3505
3886
6348
6322
3309
6376
7079
2065
4195
3158
2826
3853
4309
178
5227
6502
547
6313
747
3503
406
1589
151
281
5220
6097
6183
1304
6098
4500
1964
472
7646
6347
6513
49
7854
5069
5718
4471
601
3805
7593
233
7307
1196
657
822
7546
195
5096
4760
6175
3384
645
1947
7826
2045
5287
7228
3777
4691
6394
5676
76
4636
5065
5044
640
141
7489
242
4719
321
1128
683
7028
2743
1560
519
1021
3427
5305
2247
7619
2890
1190
909
957
6301
382
4210
3457
7757
1799
2872
1376
7987
59
2312
7040
7832
2997
7956
6169
1393
245
4571
5256
808
4880
3402
3155
4501
3575
6976
2682
618
6198
4559
1368
6989
529
3876
1886
7971
2593
4674
249
1692
4386
3749
4514
1989
3055
7617
198
6598
6557
466
3639
5481
4427
2052
717
7609
3263
5550
5693
6231
1687
7166
6319
4499
2216
2091
3353
4666
256
2271
7708
2334
2219
7464
3461
3934
1695
3367
2378
6009
3613
3101
1645
2364
1696
1039
1830
2042
4247
7723
2064
2095
3919
847
1386
2500
6277
4076
5358
1012
2729
4734
3954
7261
5259
1901
4357
3706
6995
6336
3063
3401
3754
7212
1857
175
7605
6158
3025
3320
6190
5044
1590
2429
993
3030
485
3678
5313
3631
3237
6005
3166
368
2978
3429
1337
1139
5381
251
3635
3682
7981
1598
6084
601
7619
5418
294
5679
7192
6720
6340
5458
7257
3447
6273
2896
1121
3378
4475
5703
152
6403
4514
3813
6509
1454
2264
7859
3915
2181
3439
5214
6039
3844
322
3480
6965
1237
1452
3643
6044
6902
3505
7229
6506
5944
3604
4705
3522
1721
6612
2318
3295
6059
561
406
1797
1121
6149
286
794
6935
6042
6712
1890
2907
1405
1688
6186
6218
6784
4705
3595
5965
7237
6139
1458
652
6951
5815
2543
1255
4506
3128
5825
2904
6797
1030
6176
6718
4258
401
731
3734
1488
2208
4256
7131
456
5002
366
7636
3437
6025
1568
5288
488
4941
539
2411
441
3215
4792
3493
509
6896
7804
3943
3597
5034
524
6776
2696
3280
6250
3283
5012
2234
6398
4575
5881
7665
3992
6437
2328
2115
3728
1268
7992
3196
1731
4417
7614
2618
5658
4446
3024
6853
3969
2844
5217
4338
4881
2998
3606
6247
2053
4551
4195
614
7953
5712
1432
7069
812
7919
4070
5917
6104
2472
393
4454
5023
5471
2072
5513
1866
4544
1640
6030
3684
6625
3127
7336
6859
3653
5586
403
2088
2751
134
3792
748
1725
4769
7619
3885
2755
2209
1056
4326
3342
1189
2703
3613
6931
3900
6184
5133
6927
5296
5623
2039
6304
6186
4456
7435
6476
5423
7742
7393
7953
2773
2573
6725
333
2605
4623
7859
1296
4141
7005
7990
5066
6950
596
506
1081
2210
7309
283
781
6424
7451
3019
4480
6585
6287
6535
7379
3515
7072
1994
7853
3775
764
6123
1623
6223
4372
4498
7201
631
6416
1059
6978
6493
6881
5488
6392
491
1303
2633
448
2019
6349
2193
6780
500
3338
1019
4049
7258
7908
891
131
7712
672
890
6101
3357
405
5178
3069
4719
4507
7266
1533
7809
2717
6743
6480
6643
4210
1040
1630
335
690
3610
2714
6341
7219
985
216
6758
735
5963
6618
7599
4157
2937
5685
1968
7361
2116
2235
3992
5026
2601
4867
4320
3699
1629
3633
970
7005
2292
6657
7014
196
3004
4725
4958
1168
347
3738
6612
5184
7859
7458
982
5552
5888
630
2801
6387
5423
6403
6864
7145
5085
1732
1808
7248
7586
6828
2806
6300
4180
3122
1047
4865
619
3021
361
368
6409
135
172
6391
2077
392
1309
2901
7002
2195
2091
3960
3395
3864
1949
6118
7200
4430
2920
3913
6258
6979
1237
3782
3588
408
3726
4834
3955
1802
4919
7046
2827
450
6276
3818
1905
4093
5956
6104
1738
6948
7126
1370
5985
4559
7199
5323
2341
1388
6979
2622
7444
7916
2130
6404
2821
6760
829
1204
3436
2118
7872
3675
553
6824
6488
3101
5711
3378
2874
4399
366
3231
622
7609
1323
3088
2141
6287
2915
1935
7821
1601
2652
1655
6794
5961
4382
4374
4724
7661
5050
4698
7798
5976
1114
2214
2438
5681
3792
2601
6254
6531
1783
6284
1325
4427
4222
6830
5379
7028
5299
1251
6729
7469
3821
6441
752
4184
6836
538
7098
7417
2868
444
6681
7250
5056
1004
2158
1387
3972
3281
4015
5600
4844
3033
4048
2213
1251
7492
6817
6742
2804
5616
5623
4559
142
2211
2504
7679
6761
2983
104
5204
7888
5840
5537
2518
3406
6809
5928
2093
1858
1896
4950
528
1127
4574
6814
2172
3966
7317
4610
1162
3711
7758
1817
7115
1018
529
57
6286
4626
1639
3335
4792
2242
5631
1211
7348
6516
6050
7646
5743
840
2336
1161
4322
2593
5039
2723
941
4925
2357
7138
4887
7940
7145
1039
7381
5510
5444
246
6336
7377
6839
2940
5729
2663
2978
4974
5260
2602
3725
5886
6002
7098
187
1956
3676
5247
2812
3837
4334
2522
2153
2886
2697
3231
2965
296
2256
5872
4962
356
2351
539
2009
3519
5743
7867
2673
815
3336
4773
555
5040
7486
1579
386
3021
2085
4859
2296
5600
5905
7320
5854
2634
7193
4856
4725
2031
1982
5537
3412
248
9
3818
1014
1814
2123
4998
7097
18
7673
2084
2466
4954
2430
292
835
1057
5297
6634
2020
7195
589
2001
6186
3347
1497
7323
6566
3041
6747
5382
2045
6293
6188
526
953
3109
3756
5529
2401
3464
1285
1860
3296
1573
1502
2616
2557
3895
6275
7699
7481
5795
4474
7303
1062
1756
810
5782
1265
5949
5228
7967
988
5133
3370
4718
7080
4647
2909
7412
4690
3349
7513
3884
1233
7249
1176
1706
3756
7820
3467
7491
6513
6953
447
3322
7169
5317
7439
6017
6803
5264
2211
757
1385
2835
7288
1713
7676
2390
3973
6999
6580
3819
7416
311
6311
2216
1264
1832
7513
2011
471
6608
5155
3552
1774
4558
6841
2544
102
6810
7775
2986
5430
273
1980
1033
6266
2137
6098
6865
7713
2240
503
1615
670
2286
7886
6485
3533
7632
7697
7387
6634
5534
5444
6760
1775
3914
6762
1290
3965
6965
4046
7800
2357
6422
4390
4161
7252
3670
2353
4841
5484
7323
2136
7076
1365
5398
7809
7464
7194
4945
4172
1892
3956
4919
2731
862
4286
6000
2768
5418
469
2861
2730
4827
2904
5731
2690
267
4616
3350
3737
3090
7424
675
5613
4069
6362
6856
171
4824
7454
1649
2377
5453
949
1979
7363
3630
1891
323
7248
2979
2593
3423
4469
5107
4420
2445
6927
4374
4560
3240
3180
1460
6097
6178
1643
2007
3036
669
6716
108
6390
6647
1338
7110
592
6810
7884
5545
4174
7746
1691
7760
2977
5717
6122
594
1652
6174
1002
7938
3851
5152
7186
6603
2130
3383
2019
4712
2135
740
2869
1289
6923
5492
7651
1726
2528
5588
2157
7693
1229
2183
2225
4555
429
3264
4038
2179
4405
403
643
3899
1525
2482
274
5472
4369
5378
838
3061
7827
6553
1352
5610
3912
3461
135
3666
4051
912
750
61
4233
1342
4242
7784
1795
2684
2723
6535
7911
6546
2232
2825
3646
4888
6816
1725
680
5871
2266
7492
7018
4775
4147
4797
7927
7664
3506
1665
2946
4741
4143
525
5078
4887
5017
7130
7215
186
1166
7608
284
953
7461
7083
6317
4156
3229
4268
5477
83
1597
1447
7711
7504
4212
4920
1658
6344
109
2422
520
4562
34
5465
6768
4985
7108
1707
7939
14
6097
5080
4985
780
3581
1257
6058
4015
2487
4530
4862
472
5168
6325
3067
3202
595
5221
699
2112
4327
357
1025
6917
389
5546
3201
3884
1818
5867
5080
2538
3040
3293
5666
4018
6431
6883
2798
5237
4763
1443
1031
7318
5651
5385
2227
7397
6919
6367
7460
2198
1015
3771
333
1098
5808
6395
1727
5142
4585
7478
3283
5274
5078
650
3292
2218
7882
2851
3331
7326
7627
3643
6691
3152
3627
4161
1848
6235
2183
3580
3251
685
5294
1401
5391
5149
4110
3559
5656
219
4476
3035
728
1006
1633
6366
1502
73
404
2785
3760
2002
5377
492
3511
1080
7708
7379
2831
1788
5988
2632
4632
5163
5335
1057
5877
3801
5169
2641
3469
4625
5941
6408
771
5514
1768
5817
7721
2223
5330
7658
2386
6224
5752
3231
6840
3471
1213
908
7044
1028
882
812
3408
263
6944
948
4852
1087
3982
2278
5407
5400
983
1963
1494
497
7432
1403
1539
4366
1972
1681
6275
2229
4290
2308
2534
4986
7524
7860
5185
4899
3267
2591
2147
4633
3232
5660
6282
6515
5411
7491
3718
1917
699
3533
5043
6524
1565
1780
5057
2881
2750
890
1110
1468
4486
7564
4213
3665
3812
453
5368
7271
4288
2440
2017
2047
823
3665
2759
6813
1893
4899
6469
7157
6217
712
4987
237
2741
7671
7077
797
4032
7277
832
6485
7199
3262
2378
7221
7523
4866
7269
4814
6094
2951
5241
6889
6916
1508
5772
4510
2157
6401
3164
5157
7751
6868
3112
2900
958
2149
3679
7211
387
3429
5999
7275
343
809
4160
5801
6472
5568
996
2430
7284
2286
2578
4148
6144
2687
4670
6544
7289
3651
1522
5168
3168
2148
7359
1481
3223
6033
6884
500
6408
3986
6688
4107
5688
1223
5585
3914
4941
7539
5004
7828
6930
7977
6897
6790
5551
7538
3050
453
1094
5308
7193
313
7417
6472
2460
353
1810
254
6138
4799
7795
996
6718
4813
1785
2282
5737
6744
6426
1614
3987
5881
2185
6920
3888
7463
2614
6023
3664
5474
4694
672
1356
2212
2826
4280
716
3953
2232
543
1163
2759
2479
7023
6419
1923
3160
5654
7386
6862
4189
1015
3336
646
1102
2796
2914
7010
5102
3164
563
3222
4535
2179
7302
1032
4856
2168
3626
1722
598
3104
6441
6190
4728
2670
1876
7390
6020
3165
608
1897
1866
2957
1997
3826
2690
828
5827
910
1520
1150
6921
1371
4890
7497
5580
2777
660
2461
183
2638
48
687
3403
4681
7008
7699
1111
2840
4911
2595
2107
5719
4897
7700
5938
5004
1828
6140
4406
3609
1981
6271
5158
5167
3113
4418
6455
3221
1441
1606
4159
3739
1234
1615
6781
7626
6541
7203
7479
39
583
3202
6942
800
2897
5214
3983
7354
2480
3354
4317
3646
4037
1341
5384
7324
4249
4099
7451
952
1936
1824
6786
545
4607
5258
7238
7132
6775
4641
1806
6538
3306
2301
1940
7322
2097
5647
6796
3868
5686
7304
4103
893
963
2052
7465
7755
1235
2535
5759
2338
4910
2598
4835
573
1960
2903
991
3500
3169
2525
287
3083
3497
4448
4151
7567
4143
7553
2950
3338
2582
2988
3304
7319
551
3261
1827
7938
4655
4649
101
1069
2
3493
5879
5575
1167
1003
7636
1444
6907
5125
3838
6920
3303
6847
882
5063
5720
6882
4897
335
6681
7910
6243
6819
5972
284
7020
4786
6731
6906
3600
1870
6051
509
3905
567
1412
2231
5606
4808
7860
2996
509
4208
7030
1371
6572
7330
7466
998
1160
2528
1449
7026
6197
1899
4400
4143
1752
6858
5598
1639
727
6151
1697
6031
7571
5316
1767
180
120
7259
3663
6364
6008
6643
4845
869
2775
3893
898
5544
6671
1195
599
6652
4289
5557
6158
2141
4990
4899
2013
5639
3457
6324
1082
531
6030
6734
5968
5664
1549
7042
2060
4742
5355
6912
1521
394
1171
384
1893
5982
7908
6929
7766
7468
3317
5339
2080
4829
297
6382
1702
7728
2689
1092
1754
3824
1425
1693
950
7211
6706
1153
212
4211
3203
1283
2062
3186
6857
7033
696
2646
1888
636
6236
4168
2422
7575
6343
1858
7782
6367
5155
4085
5489
4133
7001
39
954
3120
7296
302
4001
134
233
7328
2315
2575
2686
6537
1961
538
5971
511
7502
1553
2059
1447
960
6769
5468
678
5189
2746
2039
6836
1007
4600
5656
6489
6559
2841
6691
921
6813
4799
7468
3177
1112
6059
3137
3455
7957
5364
7426
183
3590
6964
5637
7167
5318
3547
6568
2883
2842
711
5766
2757
7039
715
5836
1951
6779
7649
5210
2676
3674
198
1163
6128
6471
6758
7337
6494
608
6797
6534
6649
7662
4902
5156
99
3929
6142
1025
202
7387
3713
352
5921
6664
3520
6104
6225
3599
1803
755
7811
6015
1720
341
3528
11
370
729
1898
2947
3059
5170
4137
1684
905
1756
2096
5841
991
7543
198
1245
5383
4592
4141
1236
6208
14
1532
2015
1363
2958
2297
2687
1715
5504
6254
3003
4468
6609
2535
1182
4179
918
4752
7208
2294
4825
4934
3292
940
4246
2534
4146
3187
4096
5143
5931
4429
2181
7068
7858
7253
6512
3011
3167
7668
3392
7779
6027
7664
6421
3754
827
1146
5194
1099
7230
7780
7235
1448
3462
4403
4325
2639
2892
5425
4351
4770
7685
5683
7300
650
2015
6563
5556
2985
815
1176
113
4763
2159
2308
3053
1895
2766
6189
2930
6058
6726
1006
7142
6259
3794
1153
4442
7278
1802
2820
3827
5390
4376
2072
4963
7878
7513
52
2630
2989
6352
7275
3412
1216
920
6254
2130
4306
7754
7389
3143
716
4435
4535
806
3468
7562
2614
5215
4743
4629
6048
5730
5093
7745
1410
7297
1809
7722
2313
3494
4205
274
688
1221
1114
3911
641
3642
4066
1823
1362
4509
5812
4274
6582
4175
1321
2887
123
978
7848
6796
6618
2732
3513
7478
1561
2817
6241
831
2271
2775
1159
1153
3161
2321
3885
7068
4091
6627
4429
5295
109
1798
1156
5494
6821
1642
3906
7892
2575
1194
926
4300
6669
2682
1019
1984
5046
901
4157
2421
419
2454
6940
7687
4603
1313
5186
2026
6829
7934
956
1580
3149
5677
4680
6215
1573
4083
6502
4639
7451
3044
4692
7704
5706
2319
7448
7489
353
3624
1820
3992
783
7602
4816
7040
7823
1593
68
6091
3891
1957
403
6500
6883
6146
2126
6769
3625
4014
3354
7191
3571
5252
5617
1714
2976
3379
6640
6904
4813
6020
1038
4644
214
3804
3048
3563
5971
4615
6942
3380
4701
559
2679
1646
7778
1479
5661
2051
4688
865
250
2844
4982
339
3744
7750
5242
1575
4773
1681
4056
4754
6251
4314
937
6948
7626
2811
4022
5770
7046
7364
7863
299
63
7794
301
938
7364
7343
6445
3677
1634
1966
7897
5235
3997
6189
4866
3272
4116
7884
715
5642
3558
4892
2406
7037
7128
2158
6708
1627
4827
3287
1866
5885
240
2930
2264
7673
6490
7251
5650
2467
2246
4144
3400
7130
1552
7730
4976
1511
215
3319
1735
1773
6154
3511
3451
4040
7335
5225
2215
1320
4937
4908
1900
4892
6593
1695
4347
1885
5957
7017
5740
711
5275
3801
5108
4200
6124
7222
4047
7198
3823
7926
2858
5919
7167
6588
2654
3165
2937
2407
1537
1522
1311
3426
5118
553
3594
7729
4973
6974
4617
5768
2084
6888
4228
3435
1044
2913
3650
2599
7761
1582
7201
5931
888
6703
6876
3848
5493
7517
5730
4826
5210
2746
1722
4151
1224
3795
1061
475
883
6792
3250
6246
4724
138
7588
5663
7430
3282
3342
4661
7169
2822
7870
1760
5903
1070
7731
6366
3739
4624
2604
2563
2500
339
155
5899
7601
4328
746
5851
5354
2204
7204
2101
3535
6928
4035
624
5075
7525
160
3809
6763
3963
3503
419
7707
2398
4035
3051
7577
4462
6220
3343
5971
6692
803
6753
5489
7011
2810
2481
426
169
3682
6300
7751
5707
3702
4660
533
5925
2054
4360
7
4703
6712
2735
4706
3373
4847
3864
4865
3855
5307
705
6668
2326
5532
3195
7814
3989
6471
7619
373
2829
6360
6477
4997
75
1032
354
2855
5701
4815
1889
6878
1786
844
1244
4581
3013
4777
5858
7773
2672
6614
7872
6201
3676
5008
3960
5032
5405
2052
6783
2526
4359
6478
7595
397
1263
5095
5497
6238
226
2046
4826
448
3105
4402
3346
4491
4821
4519
165
4211
2715
4031
3083
5194
4581
6737
1667
3546
1710
2611
7253
4149
2913
6831
5261
2908
7817
5734
2291
3431
4326
2676
5736
2497
3676
1377
92
2200
1583
4868
663
709
4743
5849
4635
7742
3628
1501
4049
1540
6459
5586
1943
3359
7969
649
7483
4965
1819
2272
1700
1613
1281
3981
7773
6673
6357
5720
2157
3267
713
2541
1907
3433
7902
4335
3361
7872
6063
3714
6608
1955
2403
4621
5570
7139
7572
5103
6853
1912
3696
1005
860
3154
2058
6366
2388
3575
1250
7622
5726
7876
5749
7571
5441
7001
4815
3168
2625
3490
2334
4736
5246
7622
2531
2691
2200
4409
2382
5967
5512
2935
3081
3663
1117
3765
7233
6829
239
1027
1311
7641
7948
3063
6674
5402
6224
4446
3729
6279
5111
6587
5126
5240
2718
4576
7494
6800
1860
4871
1165
395
4738
7083
2305
2782
2279
406
1349
144
7997
2560
367
543
280
1770
6564
7755
1425
4860
4095
4883
2000
5758
3747
4122
4649
3980
3829
5927
1360
3841
6473
7935
1472
1054
706
2880
7574
3670
5851
6775
2233
4308
6026
1867
3470
5908
4469
3120
1533
3443
3290
5716
7106
1767
4503
5159
1396
299
3732
4488
6106
7978
5942
7231
4270
1778
89
2226
6452
6370
1855
6635
5747
5294
7173
7006
2309
6235
1164
4783
6064
4429
5535
7927
6565
5191
1875
5935
3758
2029
3533
3154
4929
4590
1257
750
7296
6944
4394
6547
3381
3478
3459
2631
2556
2232
759
1933
5188
1103
7019
2535
7500
1010
7137
7650
4019
5213
324
3645
6466
2108
2513
6786
1429
888
4005
4339
2370
2968
1327
7443
7243
2847
1924
5544
970
818
1734
5918
4577
5783
809
7690
5252
7677
546
2335
136
3944
7865
7331
2991
6699
4020
6530
6070
1764
853
2857
7472
447
5281
6435
7246
5779
7593
7064
989
3614
7736
1883
1429
3539
3759
1211
4163
2114
6745
4124
5250
2375
1944
1861
4637
2004
3370
4642
1100
7792
4074
1509
7580
91
3523
4774
876
2855
3677
537
2214
7733
7410
7970
7842
6287
5876
5855
5757
5414
5456
5243
2831
4089
3150
770
3608
1557
4037
3471
3183
2142
5866
5810
26
3868
535
7292
2718
633
4114
3026
3543
4999
1486
4022
432
1487
6600
903
5271
7867
6872
6622
38
7533
261
3968
6875
5403
4699
4059
6659
943
7004
2359
2994
2350
2688
5898
7488
1635
4615
7850
3475
7455
4884
3896
2262
5758
4992
1196
300
2442
7925
350
4121
1446
4087
6231
5237
5656
3808
7315
3612
6906
2448
1950
6726
5897
7923
2741
5266
7852
6984
7754
3828
4197
5016
2847
3448
1188
1522
2677
4045
2196
7782
3020
271
5165
1309
6464
1672
4229
4620
5142
6990
2227
4264
5338
1169
6095
7351
2470
7172
6717
1340
3638
4872
668
7725
2163
3613
3307
4467
5834
5779
1965
2354
3569
5445
2000
5530
7829
2458
7706
2585
546
6787
1591
1788
5559
6892
7714
1884
6188
446
5223
5953
714
4192
6150
1124
7744
2580
7619
7305
5551
5301
5319
2845
7734
6688
5740
1932
6131
4807
4064
4460
7727
4054
7818
940
4994
6741
4377
2783
6668
4539
7342
7357
497
7844
5071
7103
5005
4295
3902
2520
7356
2394
2642
2918
5469
6983
806
4694
2467
706
3305
2388
5293
3407
1268
7111
7078
6883
2659
2221
5867
6384
1527
6969
6576
2667
213
4139
5398
2918
1031
7528
1506
4032
5054
5150
143
3210
5099
5281
1097
0
7020
2582
4191
3141
1116
4420
3239
437
3224
7858
6540
938
5308
4800
4856
3914
707
5577
4847
6351
3346
3220
4272
7979
5528
5700
246
482
5281
140
3990
517
487
2744
1637
6762
1287
7680
5695
2086
7161
1167
219
3751
2062
5132
7843
1374
2656
2590
2609
857
4204
4852
7095
5244
5225
3065
4198
7142
6363
6409
4111
3931
2236
3526
5681
2069
1119
3486
2423
2373
1324
6990
7389
1179
1431
4140
1526
4509
6214
6312
6271
5166
7223
480
6824
5946
6049
3074
3352
1644
4594
2394
3001
6463
1704
3086
4243
5796
368
2627
6672
6382
2668
4459
2331
3975
6389
2994
3366
3972
2995
1836
6390
629
777
7434
3422
3418
893
2508
3514
5352
3368
7283
921
2864
5129
687
2695
5627
3058
1855
6261
209
6967
1219
2427
6410
5193
1359
4334
6330
2478
4071
5636
4652
4835
5594
1628
5542
3368
5310
5193
4358
2250
4952
3821
2155
3313
4458
4750
7818
778
56
5324
7772
3751
7427
3713
5690
3124
3897
7467
4480
4421
7879
3797
4907
2276
2665
1459
5553
1357
1617
6096
7310
3245
3976
6852
2707
2056
2205
3357
2859
3345
6375
275
3487
1302
5409
6947
6120
6852
7952
1162
521
3788
1932
7843
6828
2505
7045
5067
5408
6971
7934
2496
6292
5596
3612
7085
3942
616
2586
7915
4042
1214
4383
100
4039
6234
3555
1533
4720
7413
612
1025
4850
156
1820
7556
3900
1531
1925
3644
7360
2239
6265
5813
6951
7508
1978
5270
459
3724
5010
5186
2170
250
585
1248
6582
3732
4009
5067
955
7771
933
7334
3620
1786
1208
1751
597
239
4934
3052
6364
3398
6870
3582
822
5551
6430
5588
2097
3031
816
7604
1211
7256
7372
899
6423
2311
1058
3730
3410
3376
3764
4686
6082
2616
924
4739
3472
3916
5245
7142
6031
5101
4822
512
2583
359
6725
528
2596
4479
7568
894
5975
5100
364
7902
2827
5033
7947
7703
2480
2098
1635
4564
2852
7959
843
2500
5652
5807
1882
5560
5457
6369
5074
3762
5990
6626
3185
7205
3676
3091
7504
4073
2147
7108
3107
4839
122
189
2100
3560
3322
7258
6314
6155
1521
946
7988
2744
1466
6062
5810
4685
3274
693
7791
1201
5038
1742
7887
1357
4651
5268
3069
3388
888
2808
1692
7332
2960
3096
2254
443
7777
6162
3330
5082
2899
988
6414
2466
7370
3018
6620
7143
3217
2861
6201
6440
7840
1442
3367
6981
471
3641
7595
3615
863
5452
6248
3640
953
552
1778
6554
3227
1939
4209
723
1366
3548
3209
5579
1908
4105
3764
2625
2647
1021
1820
4148
3120
6152
1051
7639
1200
6613
7353
1043
1020
3508
1004
7973
1464
6946
965
7133
2285
4398
6126
7611
1609
7107
3428
7260
2816
3458
660
3259
1314
7716
849
7358
2043
3125
4231
5719
3153
2344
5283
4192
6959
5296
7051
5772
2960
447
1594
139
348
6565
4653
4578
2122
3453
6438
2149
4676
2071
3115
325
3536
2429
3526
260
5176
2449
5849
4282
5263
2541
6746
3593
4729
6365
7899
2653
3887
6289
6808
4701
5657
1546
4342
7419
6148
4543
1747
1567
7314
3466
7930
4144
4997
2201
197
3152
4401
6488
5238
480
6108
7060
2912
4237
353
2468
959
3673
1687
6539
1646
4185
4064
5587
5666
7050
7226
4081
5453
5433
6479
4468
2438
491
1447
4547
5176
3025
7373
3469
517
1984
5789
648
1919
995
3689
1429
4496
4364
4651
4505
7801
5172
617
5565
2003
6238
6123
2908
1175
1723
7079
6527
657
6802
147
1513
828
3712
6680
92
2894
2296
3205
2837
2942
1457
5765
48
7498
1894
2805
3268
5799
2959
7433
2961
1594
3190
4276
3914
7140
1299
3983
607
2830
4733
3344
4200
2079
3738
7668
5560
3543
7681
5774
3920
3089
843
2646
1621
6977
897
3982
6045
3455
7337
1105
1556
5133
2375
7813
5619
141
4687
7882
5705
6869
3622
3995
2551
7717
6005
2772
3618
2556
6982
1677
98
2967
7446
5101
5047
5168
4031
407
3806
7828
581
745
68
2740
928
6505
5605
6686
5836
4024
4953
1766
1531
7547
4233
5628
2293
2090
5829
5186
6067
4762
3775
7442
5413
965
1650
2611
6980
7788
5648
2975
6926
6213
3284
5778
3801
5236
2486
3837
6134
6893
711
2277
7896
5941
1193
720
1710
6899
5315
7207
1659
3889
1220
3317
6511
884
4486
4494
3548
605
4662
5695
86
7406
4030
6588
1834
6109
5989
2769
6547
4090
84
675
5117
6479
2458
6256
494
5034
6619
6272
2428
5836
3939
1085
2584
6227
4852
6042
1173
78
3638
637
5743
6413
7082
6401
4403
4938
7011
4563
5834
591
7757
1483
3840
7091
7765
1970
5759
2042
3997
2990
1118
5838
1744
524
146
7616
3566
7980
3452
4858
7008
7830
228
7753
5461
3038
6333
1937
4209
5517
5647
2029
2547
7485
7545
4691
4176
6443
6298
2239
4063
3234
48
5408
5793
5022
3997
4532
3197
4387
2091
5323
3509
3449
1986
3023
710
6374
2158
4172
5838
4065
7276
5442
988
5136
7637
6105
2040
4741
4508
738
2068
4127
6816
6975
1014
7547
4812
3671
634
3781
5283
3744
2819
3597
611
4108
3942
6333
1544
770
2443
5648
4017
6290
4763
1660
6999
1199
1554
2044
3179
3768
892
2859
3355
5263
6112
490
3219
290
7854
5520
7926
1785
6655
47
7418
5614
1113
6033
6643
3378
1085
4250
3094
6631
2134
165
513
1976
272
5704
3963
5929
2915
5844
7830
6931
1324
2762
4521
6434
1551
4119
7496
308
6550
4838
3067
3288
529
5342
3370
447
6072
1786
4611
7993
158
6974
7907
7489
6665
2498
6837
5163
5388
6738
2070
6952
4879
5518
1541
4043
1850
504
5460
3007
2931
2922
3605
7435
3918
3494
2207
1383
7772
7554
6595
4518
4589
7612
790
6555
7281
6287
677
4927
6662
4033
447
4216
1418
7674
608
7782
2238
1614
6596
836
4566
1231
4251
4733
5724
5109
6600
6705
6216
2635
1379
3926
6700
6172
1493
7613
3476
3048
5748
5290
4666
6645
3438
6807
3163
5394
7300
1227
1974
2701
7018
4664
5072
4947
4747
7073
6908
5406
1959
2178
5958
3431
2948
7447
6169
6416
457
5262
6441
4786
3852
1907
4167
1382
4516
1641
1673
5467
3661
4849
1276
857
1789
6167
6520
1914
1126
4937
2420
5823
5324
1350
2033
1403
4534
3339
5950
4329
2289
635
3021
7637
877
1615
5126
5451
5946
8
5834
5592
2921
3300
4005
2229
4490
2903
3875
6475
1362
2747
5931
4892
4466
6838
928
1075
3253
6861
4648
3281
3967
4344
3661
4361
3175
7515
5376
6710
5794
7903
3985
1096
1055
1518
6960
3551
5302
932
7208
3124
6514
43
3604
6244
2143
6262
556
3577
3903
4909
5068
3151
3093
1183
7832
4843
2894
6298
765
722
3715
211
6411
469
2050
2780
2610
5247
4321
2035
6808
2278
6191
3330
1758
5615
5762
3415
114
3130
5753
3788
5910
502
5417
3865
3280
6222
3045
3565
653
767
7317
7781
7136
2691
2324
1791
5541
6507
95
3139
5716
995
7385
6143
7798
5389
5529
6145
6968
1394
7320
4630
7998
5843
5245
7225
4388
755
4696
1252
7694
854
498
467
7323
6914
1320
4378
3264
2339
705
928
2799
1838
5366
2987
5909
7862
7581
7621
4033
4104
2635
1879
5771
3656
4935
3982
45
5816
615
6120
5410
401
7290
7505
5538
6000
5862
1965
6113
6690
1414
7087
6492
2509
2734
5722
868
4455
5676
4033
2110
546
2653
5233
1853
4081
4286
2411
350
7373
5401
7354
1757
4541
2062
7792
1422
782
3108
6818
1717
1344
7732
6632
4884
4500
6525
5523
1172
7550
691
1887
4915
7627
4153
2254
3880
738
2421
5659
6243
2870
7134
579
647
7608
6066
7861
2521
1270
2441
7560
3945
2459
4817
7989
90
481
3067
3615
449
7879
3341
4710
5902
4814
2867
5776
4221
7642
5749
3227
7986
4695
3525
578
4146
2816
5292
77
7787
201
4834
2867
6113
3185
3424
380
4687
7931
5456
638
503
5935
3485
5979
1955
7937
1736
994
3716
353
1361
5503
7589
3958
7582
4864
3783
6629
5714
1336
3855
1358
878
7783
4364
7365
835
2027
6959
5273
6615
1109
4927
3114
336
2920
7542
5318
1310
4765
7941
7910
3049
4631
4625
3568
6331
1510
1041
3731
5084
7431
2677
4606
169
4948
1478
1188
1408
2754
2555
5980
2024
5901
2606
4744
7243
3167
5284
6584
4912
6105
5672
5788
6789
2559
2049
2562
2314
4650
1393
7766
2936
5832
2298
4522
3348
7270
5106
4433
6823
3098
4811
1626
6181
722
5684
6214
4759
5200
2772
6937
5967
7939
2160
5668
2435
6821
5440
2834
7873
3695
2619
5260
1068
2048
572
3757
4465
7666
337
2884
4827
4090
990
4680
5932
573
4598
6539
340
4885
4577
5950
4870
4250
7264
3087
7458
1515
4968
2436
4074
137
5657
4784
7891
859
6274
3989
4766
5974
3069
7110
2966
6928
1451
3430
6779
1953
5791
6729
2418
3978
6946
5995
6136
1716
3619
1962
5256
680
7
3709
4375
4086
1161
6497
2330
7654
5777
3806
1924
4646
2183
3778
337
1850
2992
4528
7602
5482
1372
7491
4489
84
3377
7900
241
96
6741
1284
6501
2785
1340
5905
3214
3138
3275
1387
4027
3922
5351
3952
327
801
6871
7294
6722
562
7596
2399
4598
5806
2559
5342
2469
3384
6099
2492
1538
4700
164
4732
7996
7022
5380
7861
6842
3753
7508
6997
4453
7797
2791
7765
5190
2046
6159
7909
7136
2396
3653
345
5502
2164
7894
1640
377
1450
5136
1532
1066
4954
7380
2739
5947
6847
7421
4155
7786
4095
4660
6571
7403
1988
4922
5884
6677
5174
1497
3619
4567
6416
1074
6952
2718
235
2122
2462
7883
2863
2191
3
6707
3377
2637
1475
7568
6777
5923
5296
7306
3205
7440
2376
743
1103
6430
7479
1078
4101
3142
5912
4740
1088
2640
5861
4477
3901
3474
303
127
7171
6381
7027
1331
355
2981
3978
4956
4262
3719
2619
1290
5336
1332
4239
3175
848
3559
1089
2150
3364
3507
1123
7117
4053
4915
7243
5478
1548
973
294
7125
7521
6332
5870
6939
7341
6047
6939
120
1556
3710
5914
265
3542
3517
1164
4183
5020
7499
2749
1884
2010
3206
6707
4710
3434
1618
1111
4872
3278
1338
4221
4321
7394
1801
7905
1517
2340
7933
3226
2963
4585
3182
3074
5606
4427
7388
7332
4764
4926
2763
3588
2366
7891
5473
4568
6785
5278
7203
1599
6306
2596
24
6110
7943
7148
6050
3298
4119
904
1498
5709
5643
3501
7029
2755
460
4380
6359
4058
5322
5500
993
7506
3229
6133
5928
4025
2310
3798
2613
29
1847
933
4608
5566
3276
937
3816
4150
6252
7764
3545
3294
3758
4363
665
3568
1331
7184
734
4876
166
2926
5549
2847
3947
4609
7619
7045
3768
4534
179
5864
132
2425
5058
7582
282
4995
1133
3918
6934
1675
4913
1619
6255
7082
3478
4145
396
7251
1934
133
3814
3008
6066
5412
7559
7950
3401
3597
4186
1682
1467
4897
4331
1173
3669
2725
1849
2980
5613
6320
6280
2027
4391
7003
7084
4442
378
360
1566
6350
2205
7130
6732
5378
1620
4316
5311
2099
768
5998
7686
4647
4407
3746
2839
396
1222
5174
2790
1753
4430
7683
2919
4578
5996
2103
6603
6752
6114
2943
7139
7663
1113
1480
2728
1036
3875
851
7188
3579
265
505
1218
2784
1068
203
2856
5121
6687
4793
69
6682
3359
5635
363
262
2041
1745
7783
7174
3324
6502
3173
4565
5344
875
4012
2789
5567
1490
2695
7516
1861
5047
3601
6353
3539
1699
347
4410
5450
3520
381
2948
2765
1404
3617
338
3188
3669
5165
3784
6563
1099
1090
2593
5439
3351
939
576
5575
235
4677
7520
606
282
3356
2016
4028
5493
4702
7227
6604
4967
3793
7996
5689
4744
2192
6041
6376
2022
5485
779
719
3528
7395
5506
3952
4002
7114
6011
2561
353
5393
281
5907
2255
6533
778
914
6297
5652
2190
1429
3245
6526
2062
1995
667
5896
2720
6245
498
1421
4203
6274
7462
2260
5296
1993
2488
507
4889
721
6463
6489
576
1072
6561
2475
501
6739
2046
5419
1586
6527
4465
232
1324
1052
900
7694
1272
3836
4960
5041
7838
3039
3677
5710
3599
1247
116
6132
2175
942
258
851
4207
5092
2074
5853
262
5814
3302
2778
7141
7303
2787
3755
1319
7508
5371
851
3817
7851
6651
6194
3898
2447
2023
6299
4727
3816
819
6590
2700
4319
47
461
4975
6129
3683
4837
2774
3824
1398
2727
3605
1670
3238
3540
7096
7161
451
3599
4772
1298
1484
320
4789
5098
7355
5298
2343
5483
3087
2379
1249
6091
1784
7835
1093
6232
4675
5567
1483
5094
84
6310
309
1203
5896
1148
2379
3425
6322
7786
793
2475
6825
2492
2280
2893
221
3073
934
121
197
4658
753
7634
4306
6854
6653
4709
7336
3736
4410
5894
3868
1562
2522
4979
6010
7592
2785
3834
4002
4538
1034
2002
935
881
6638
7093
4046
7598
1724
4016
4873
7889
2319
2352
222
3985
5870
917
1443
4113
3692
1404
7161
7367
4748
7538
7749
4849
5331
2794
5576
493
7326
3414
3852
2694
5958
166
6468
6504
4720
3337
5906
702
4928
4105
7007
1437
7012
5405
262
3174
4202
1845
7178
6199
3775
5943
7054
2034
6508
6578
5365
600
435
4646
1844
3825
2733
1804
25
2278
7300
700
28
3733
4930
7861
7846
2786
2081
7333
3630
6092
4270
5357
6702
5923
1759
2288
4153
7790
548
7420
6100
3542
221
3113
671
6704
3218
5773
4301
6432
5790
4864
5613
5945
2408
2269
602
7070
2146
3880
6857
7806
3044
4255
2054
7474
6714
2462
4917
346
811
6372
4459
5495
423
6897
6547
1328
1669
4809
6018
4580
6915
7607
6023
2306
1585
371
5630
1261
3649
6973
961
5162
5027
584
3413
3658
3577
7109
3683
6700
7774
4896
1106
3991
30
7163
3386
4238
5563
4836
5051
3324
5049
3938
4573
3379
4383
6239
4861
7482
4267
3262
7484
1842
3504
6244
6495
5133
6164
3423
2566
560
6773
111
7669
1823
615
871
3033
1529
1800
3712
140
6542
5599
2396
6910
7168
25
1816
2867
4263
3117
872
6178
6411
6165
2061
5422
5276
1180
1059
6605
7629
893
6918
3589
6622
3071
1139
319
25
3098
2173
6071
4624
5746
6636
1973
5724
2158
4485
2843
5276
1616
6822
85
1886
6755
964
317
6221
6073
2751
5826
473
1137
3615
3968
3277
63
365
6554
4787
3937
264
769
4315
2297
5845
1983
1504
1871
842
6646
3121
2873
3070
6237
3874
5232
7075
3333
6747
7990
3769
1939
2128
2113
1024
1022
4181
820
5327
955
4315
5893
1668
2174
3171
1750
4077
5095
3727
1746
4539
5665
3312
238
2467
184
1828
3328
5706
399
6078
7615
3412
6060
755
5393
6606
2343
2151
7552
772
6623
2046
1963
4285
3869
3867
2748
11
3072
1508
850
4494
6685
3390
1413
7735
4188
7521
1068
6693
7329
2704
2983
7154
2078
476
5682
6152
163
5555
182
995
4171
7548
4227
4746
1231
2109
620
2935
6243
1001
1853
5733
5208
5712
5825
4810
80
5880
7376
1719
