726
1861
1509
2077
1867
2772
2253
3206
1637
904
3985
3277
2380
3808
3288
2299
3449
2213
914
1138
3410
2903
3277
1148
1041
530
551
371
3427
2371
3102
3020
3020
3777
899
2017
775
1290
2093
1593
3243
1467
330
2453
2378
3147
2864
1210
3507
2660
2514
2359
2647
2975
2286
722
777
2940
2339
2355
3166
2299
384
1996
435
1018
375
3619
1230
2955
80
2526
2621
3952
1434
2858
3067
2198
732
1288
401
2316
3466
2581
1401
3934
2451
1300
1213
3858
3159
3322
3038
286
2774
2421
1617
2660
740
3866
3107
3884
2680
3306
1662
380
2595
3008
1507
534
1598
2041
1911
78
3837
1056
2363
1799
3488
3830
3507
1865
167
3003
584
3424
3301
3355
904
2452
3790
664
1707
1345
234
2543
2129
2002
236
2442
3687
2015
2395
194
105
2304
3471
974
609
1485
632
492
1965
2484
792
3435
1599
309
337
3475
894
1181
2617
1233
265
510
2794
291
1180
3847
502
2236
3435
1093
3863
533
3723
1654
3717
1745
2032
3205
704
3146
1169
3719
3565
3357
520
209
2878
3535
2677
692
810
1563
3298
1078
3260
89
3553
2286
486
2092
786
2492
2390
3624
1025
3075
1569
2781
2924
2115
2588
517
1154
3063
3402
1158
2342
648
656
2021
883
1708
3812
2504
346
1471
2915
1733
486
3356
449
2412
1153
2328
2556
3373
3535
987
521
3080
1816
1627
2928
2864
3747
3927
1300
3834
3326
3822
2314
1448
2747
2009
3659
1996
1012
651
2724
3963
3054
1284
1835
369
1243
2732
2636
58
1081
1490
2881
1124
3289
3969
3776
3039
3674
2492
1998
2381
884
1174
657
2444
1520
2064
1636
1469
884
2000
2915
336
1309
2234
1702
2606
261
1678
1867
2978
900
2942
3980
2949
754
2057
3919
3270
2698
3737
1820
1202
1770
694
2313
2021
1432
2661
3601
1421
3455
224
676
3734
2775
2611
952
280
2786
3952
797
1146
1330
3440
2317
2401
3432
3431
1698
3737
3351
130
3906
1246
2887
3904
470
199
2870
3050
2296
240
88
81
3435
995
2975
3170
3908
35
3767
2632
1029
3252
1928
2334
299
1322
3838
3631
317
3116
3237
1260
3141
2212
3437
1097
379
3303
2413
3093
2909
1851
3172
3669
2715
170
1563
2044
1806
258
2247
2408
1129
1446
3946
3803
327
1588
3929
1396
2180
435
3032
2123
360
3897
161
2150
3230
3607
3907
2042
1026
130
3559
1537
57
3679
1998
3572
1179
3498
855
3877
971
2018
1916
2236
3367
3413
3292
1772
2778
1731
1652
241
719
2385
3462
2281
2433
3181
2267
364
3501
1081
1764
3881
3977
1622
1308
2046
2254
1230
2730
3699
2128
734
2083
3796
3566
2334
2348
105
901
15
3708
1204
2879
2656
256
2695
3337
1148
2681
927
290
147
3936
3681
3694
2628
1865
1967
843
1252
1861
998
3772
365
1825
3192
2528
3878
2060
1473
3207
3211
3062
3976
1755
1817
1588
2164
57
1016
3489
1576
3555
453
1694
2876
1678
2395
3481
3802
3894
3422
1803
2930
18
3683
860
1114
2114
1023
3489
3590
549
3531
2085
1440
1735
1457
3334
2308
2327
373
918
1530
1270
3939
3683
816
235
2353
3984
723
2644
976
1921
267
2551
2197
1910
49
1015
2750
2319
205
1122
3875
2670
848
2055
1787
3193
3946
2405
2888
446
1065
1502
2848
1586
464
1514
1433
1298
1327
2376
3952
1195
837
2223
693
212
3342
2435
2103
409
3274
1124
136
819
205
512
1388
530
1148
1768
2435
1308
1130
255
2225
3727
527
623
71
1059
1442
3670
2063
1068
2291
3102
3993
2139
648
1547
3453
3491
913
365
2764
3225
778
757
3096
2516
3277
3267
2940
2580
369
2814
521
2912
163
2494
975
2791
3327
3779
3460
3048
1067
3272
3636
1357
1328
2065
3269
2130
950
3266
485
1668
1211
394
3954
3108
1456
252
3174
2282
656
414
510
3015
1246
3514
2821
2563
442
82
3169
2052
3391
3248
1594
3056
124
2588
1858
3178
1325
582
678
2456
3989
3363
1199
453
794
2453
1269
3234
3582
291
2081
2056
1813
2216
2717
1849
72
3911
1883
2852
1540
796
1919
3110
3359
2989
1321
142
1962
1087
3075
505
3500
1605
1251
1596
2080
3059
61
2529
2732
3890
2985
1320
2716
2476
780
1230
572
1862
3622
619
1423
654
3895
1557
2478
2825
3182
2402
896
1167
848
3179
2930
1939
609
1261
2772
3386
1683
3273
1744
557
392
3178
3559
3306
645
1350
1898
2292
2197
3870
2610
1962
54
1472
828
853
3877
3340
2597
3675
1825
3347
1693
3057
2238
1115
3339
2734
1225
191
1341
1754
531
627
2442
1989
1148
5
3335
20
1149
1152
3682
2006
1937
3338
350
1845
2273
3661
2059
1511
747
3731
3457
1380
1614
2282
1721
3250
3765
3495
840
3229
1725
807
1689
386
3365
3088
1798
1386
1777
3542
723
2004
3899
1881
3527
2283
343
940
1095
1047
0
2832
1169
431
2500
2687
82
2572
1514
3557
2052
632
3035
1769
3272
1061
3636
1417
1820
3515
3462
1475
2553
2057
2184
144
2763
541
570
2698
3694
878
694
2255
2337
1078
501
478
618
2878
3868
1373
2598
1233
1601
3229
2091
690
3357
1781
3388
170
1264
1740
1928
2361
3692
3571
1023
1454
3807
1358
3570
177
1504
3730
838
2942
341
42
724
2668
639
2548
2561
3179
163
3976
1077
1645
1941
1049
1594
1339
163
916
3827
3816
3195
389
1078
2210
922
1081
2440
3076
3378
2718
1907
2313
2103
1511
38
604
2887
1644
2313
1803
948
3502
2268
2393
3951
3063
843
1426
690
2048
1008
1849
2473
1996
2597
990
3838
3186
1188
1483
1089
3000
1085
893
16
3450
1075
880
3176
1706
1331
179
1608
3698
402
187
3647
1333
1218
3860
3442
691
1937
3281
1323
1291
2911
2788
2720
2395
2105
1802
2751
2082
2103
1150
1844
3623
3502
1741
3191
3571
3826
1673
1877
1369
620
3511
281
1077
1524
2788
630
1490
3404
3572
1651
3366
440
2363
2548
1656
2269
3268
3010
66
725
2030
3062
2705
2956
1751
1127
3625
667
497
749
3622
1023
1873
2225
605
2612
134
3219
2848
2451
1350
503
2849
2853
3524
2894
750
3747
1246
316
2618
236
1651
107
3133
2786
850
2572
305
3873
1197
965
1853
637
1004
1851
2639
439
2910
3101
578
635
3563
3242
544
2361
3909
2625
384
2590
1788
3875
2352
175
2448
3943
430
450
3649
90
1872
3641
2403
1200
3076
827
1646
2412
2961
336
1425
615
2012
2072
2374
1888
1319
3273
2689
1569
1747
1604
2210
3498
3719
1907
1898
2461
3433
1089
2442
3237
1032
1941
1366
3907
892
2349
2201
2262
1606
3859
450
2886
2033
286
1276
558
2458
2216
2460
3460
363
3655
1171
3718
3490
2475
3587
3906
881
1747
1871
1057
2367
3116
3947
2514
2764
3142
626
2735
3601
3893
3638
2318
2854
1665
2001
2758
3261
618
1371
3132
811
3005
181
1161
39
2603
1377
905
427
172
2133
995
1208
3279
452
976
2806
2940
2428
298
1560
1033
3247
2610
190
309
297
3326
3828
1380
480
3357
2584
1880
3306
3016
1625
392
3912
1160
2490
1216
3839
3710
598
3316
1159
2098
2046
1090
957
3771
3806
1187
1011
3175
125
1134
1799
3977
131
1578
1713
1821
2677
2477
3734
3096
3131
3029
3290
3568
3939
2402
2706
773
3711
2095
1208
1740
1161
1195
503
534
358
1144
1477
481
1896
831
2769
2555
46
1710
2226
3246
1094
1040
3583
1356
2387
2919
1373
3256
2730
1672
499
622
1877
3027
1657
3441
3610
493
399
2736
1046
892
2730
2387
547
1566
3977
3784
3673
3206
2534
260
1905
3477
3975
2072
1412
2993
3892
3666
2738
3364
3204
2573
2782
2036
1680
2102
310
2522
1001
2139
2289
2849
1477
2706
209
285
2164
420
2728
1542
2352
1653
855
816
3667
400
2194
2791
676
1331
2239
3436
2281
1556
2973
1223
2560
1615
1057
647
1000
973
3899
1726
90
978
311
1234
3477
963
2816
1729
439
3826
191
2676
3463
3848
2913
2206
3439
3246
2710
3378
1160
216
1237
2751
2829
1551
2782
3817
2161
121
1848
3652
2253
2598
2648
2447
946
2714
1123
1771
252
594
970
2583
359
1653
2933
2922
155
1017
3867
2315
675
78
2540
560
2620
2859
209
114
2569
723
2572
3465
3043
3459
1145
1321
1933
1980
2646
1785
2213
3463
703
1163
1239
1290
2833
3645
2411
2213
657
3339
2111
73
3525
2063
3280
2614
2047
2775
3281
2895
1371
672
542
3165
3774
3924
1867
1500
189
1438
2837
2374
2720
2374
538
1146
1083
1741
1572
969
1564
838
3072
381
932
1071
3725
2374
1228
12
464
1026
3049
990
3429
2183
3401
452
3823
3856
541
1646
464
2467
3569
3258
2869
3259
118
3470
3817
2839
161
1360
1066
3038
1581
2597
56
2637
3035
228
553
2302
2522
790
1145
3094
3617
2189
2399
2444
3480
2814
1403
2705
855
1788
908
2912
2694
755
222
3140
1252
1117
2752
672
1860
3236
3795
3967
2929
2229
191
3481
2738
3709
992
2014
2184
3427
1661
3490
852
2050
537
1829
1685
2241
2594
1022
2127
2320
647
2019
392
1729
1479
728
2893
3777
452
113
3313
2930
631
3462
1621
1702
3453
466
3490
3482
3854
1287
3635
332
3886
3923
3920
1947
2653
3367
214
3354
2793
1833
1298
1200
963
2872
3212
2447
3759
2135
1184
3950
3125
3161
2791
1189
2900
3079
2964
1093
3382
3760
2267
178
1279
494
3084
3935
3903
3441
2685
3652
711
2666
1445
3837
3256
1878
645
2626
3414
3589
2593
415
188
262
1548
2127
3370
2673
3778
3962
697
304
2254
1736
142
1931
3020
352
3469
1198
1993
2658
3653
1209
2502
3166
2377
3237
60
2255
3679
1774
121
1687
2929
545
2280
1463
1826
451
943
3147
890
2907
2322
1729
482
2877
212
2964
1259
20
3038
265
3560
2731
3192
261
604
1177
2549
649
2414
519
331
1259
2361
1278
191
690
3200
1842
2975
1902
542
3301
1161
3185
2844
3705
906
2190
2748
278
352
749
2290
756
2752
1543
3347
1414
244
68
3205
2787
1884
2927
2294
1778
341
371
3048
721
1080
3829
329
578
2585
1069
1121
1299
2127
866
389
872
1267
2112
3145
775
3874
1753
691
3488
3869
1397
2410
3287
3408
119
588
1552
1231
1359
1503
2581
3067
3605
831
2951
1988
1288
1878
2303
3977
1603
266
3615
1500
1272
1425
26
481
45
1887
3004
3796
816
3872
2679
361
2103
3745
908
3823
2744
2248
2322
334
1954
1860
3974
48
1015
3327
2384
3004
3110
2191
1229
829
3593
3628
2462
3585
3608
2141
44
1725
232
907
599
846
515
1367
1978
410
1797
1511
2044
3925
1072
1467
565
3488
621
2718
3482
1899
2816
2712
552
3419
1670
3808
1226
3143
2990
2351
2438
3164
1169
2320
1578
3937
655
2099
2670
2901
2983
1249
3814
467
435
2697
423
1079
1630
1145
1907
2395
451
2600
2403
3195
707
2448
1712
343
482
922
605
1238
3711
1330
2373
3078
3343
1081
1500
3202
628
1400
1733
621
95
1554
304
475
1695
2995
1709
3311
996
2789
2898
2079
2197
3329
836
2612
3978
994
2661
2349
2087
181
3707
3170
118
396
1721
2662
3008
2578
2028
2566
3783
3066
1700
3343
1123
2928
1725
3916
119
2321
2249
2700
3951
1014
315
2690
1881
3146
531
1766
829
2365
3553
2137
3482
1522
1144
3494
670
179
1392
2947
1505
2916
2072
2967
895
1045
3190
3382
3440
3568
3484
1383
3270
3283
1321
3366
3842
472
537
1062
1812
3823
587
1838
2829
1581
3373
3844
2306
1629
3941
3912
2751
117
1726
3927
1766
2980
205
847
3235
2760
416
3474
461
2652
1506
2404
1147
302
653
3823
928
110
3884
3686
484
3842
268
3430
3905
950
1343
1848
1687
1361
2252
3059
1324
2308
2294
1694
1316
827
583
1555
1368
3190
569
415
2678
177
1057
2278
2581
1950
3033
2788
1075
2965
3113
3534
3822
3266
1937
2327
3771
2652
3765
2734
2022
1174
3460
421
3942
3694
2983
1868
732
67
3619
2108
776
2116
1227
1136
3112
2884
2246
3149
1711
9
2424
34
3709
515
2543
1578
3648
2970
1133
2126
2567
1696
1228
2216
1023
3813
1587
3267
1260
2410
3540
3422
2438
2317
222
2927
2861
227
1126
3396
1034
1379
1518
2788
67
3583
3503
1333
2714
3566
3240
1494
3940
2309
1826
652
641
676
831
2747
1885
3820
3263
2858
994
1614
1743
2089
3991
255
846
2510
2489
3527
3901
1466
244
2105
3107
1851
413
2589
410
1290
1712
873
2873
2069
2114
1518
2655
2551
1378
2671
3769
1283
785
3020
368
672
3770
2108
1330
654
3983
3705
187
1511
1538
2453
672
1856
157
747
2871
3566
2751
2257
806
3270
3892
3817
1159
3389
207
3606
565
2286
774
619
1879
3962
3851
3327
2437
1321
3778
2717
2235
2414
1443
568
3833
169
3918
892
1844
679
3878
447
1341
2020
1772
3159
460
400
1753
2213
489
3246
1047
942
278
313
1949
587
3804
98
2181
1366
945
2837
2411
1221
2243
3322
260
2995
3204
1591
1144
3609
3729
1202
2174
2076
1921
3123
947
2208
2279
360
951
1115
547
195
2692
292
1739
1566
395
2314
2097
2047
3757
224
2546
1206
2227
1750
1179
2179
2474
1667
3927
1076
3262
734
2713
3148
3090
492
771
3552
2714
2900
1041
155
405
495
3237
129
2250
1275
1840
2896
3613
1550
345
482
2670
2151
3917
655
687
832
2275
3088
1376
1279
3626
2942
1737
12
2386
3353
1171
3038
3380
3748
2467
2190
3071
2958
3668
2573
3520
1707
144
3281
1805
257
2251
3466
2734
767
956
2195
200
3399
1880
1573
2792
3661
2764
2853
712
1431
1559
1245
3873
228
3203
1127
2925
1001
62
1446
2167
2774
217
2703
1186
920
764
3429
2642
471
1571
3139
2139
2943
1914
3409
1605
605
2448
2426
3737
2015
3067
2516
2890
894
2696
990
898
1271
2429
1992
2312
2100
3693
3756
2123
3146
1142
570
2798
2140
3739
3985
2128
476
1337
1418
2678
2481
3369
1998
696
629
3857
2376
965
1781
1542
3669
947
380
1827
1528
2759
937
223
3626
1789
3228
781
79
3989
3184
565
2531
2906
1442
2155
211
1872
2191
3497
1864
2585
188
1742
669
1893
2863
3122
1522
2100
411
1733
3290
808
217
2147
2767
2444
2097
3542
3686
635
568
2248
1820
2990
1267
3426
559
2470
3194
294
1545
3570
760
2086
2295
669
2383
512
345
3608
3800
3734
3186
2368
1128
2126
990
2219
3278
1891
2595
884
793
1285
736
3424
2454
660
67
972
1270
2580
3703
1941
1390
2413
1786
3972
1593
1858
3980
3284
2328
492
1603
1409
3290
3699
1340
239
3574
2440
1036
1812
1301
2
1364
2979
685
2579
627
1142
3399
2342
3317
1623
1474
3319
3881
523
2289
1806
1073
2843
2399
1818
3506
1185
19
1287
748
491
814
1147
2147
1775
1361
210
1531
3500
1212
1428
610
3320
2033
2096
1384
1931
3255
2424
298
2247
955
1624
3435
1475
3856
3668
1347
915
3543
3581
114
1461
1978
2255
493
1978
946
3786
3289
2638
2728
3115
3606
934
952
3239
722
582
2578
2403
383
1421
3611
2195
2334
3133
1904
1773
1210
106
1418
2857
3762
2623
605
88
2318
2855
506
189
1395
2271
1269
3724
3537
3925
3937
3358
2649
1788
2998
2766
428
3312
437
3251
1807
416
1154
1018
1179
829
2672
1792
3728
2461
603
809
3370
716
399
3264
2092
2640
2438
2923
3864
536
1358
3721
576
1824
1672
3819
759
3651
2861
2765
1
30
1483
1456
3177
669
1965
789
2481
1124
1913
2455
1412
28
723
3686
1064
2552
479
3036
687
2851
1956
1597
364
2280
1676
2864
642
3708
2791
3156
1912
1324
367
1825
1385
2815
1478
221
1304
2472
3163
1047
1121
203
3052
2563
3339
2345
2149
178
2873
1994
3591
174
1248
549
2564
2095
402
2895
999
2973
2137
3710
1264
66
1535
3192
1405
3531
2986
3709
1476
731
261
2605
3164
2348
2713
3736
3900
835
3036
353
1755
3886
224
462
3127
2269
171
3214
2481
1371
902
3015
597
3815
3727
2587
3351
83
650
3350
1625
1784
1780
3127
3785
532
2423
3864
327
3553
826
3132
2021
531
2064
757
263
1134
3953
2895
2857
1602
3653
1564
3008
2116
2716
3836
1400
1450
2651
1480
3389
1218
3410
1211
2678
1136
2281
2431
2891
1602
247
1392
3175
433
1269
1454
3704
1270
1991
676
1267
1191
1786
3536
2037
1005
2892
3535
901
2627
324
934
1557
1485
3778
2927
1222
3090
2577
1278
939
1816
1529
527
3590
859
2577
3247
3919
3753
1490
2819
3604
1693
2823
2872
153
3254
1313
3624
3392
2579
1318
998
2020
3917
2505
2598
3519
1361
1877
364
1132
2872
899
1775
167
325
1899
906
3504
1115
3766
2175
2478
1625
1746
2824
2768
3154
2271
3387
1614
45
615
505
3087
950
3147
2484
676
607
3448
283
1521
1751
88
803
972
1668
2148
179
1758
2240
3991
1516
1286
2030
2814
1683
3613
2647
2956
29
884
2693
3370
3702
1017
2620
1548
2669
3161
2992
2174
1664
3199
327
93
2143
1402
2539
3266
2944
3805
3147
3001
3742
3008
3568
1488
398
2116
2840
3242
2721
1844
2352
1780
3727
1831
2322
335
3590
2338
3480
2348
2638
3321
2044
790
2840
982
2319
1032
547
434
2066
1823
2346
641
3892
490
2605
1291
2632
2111
762
3828
3234
135
153
1692
14
1753
529
2178
2924
2756
826
1572
716
2918
3104
2146
3267
2170
816
1537
1799
3566
290
3531
1837
3378
1252
1875
2972
301
383
54
2477
1193
2983
2414
3108
3103
992
3597
2232
2596
3626
3794
1133
3204
1275
1789
1500
3085
1216
138
2556
643
16
2956
454
162
3272
1368
1185
3680
615
1789
1870
1614
2659
2738
978
2588
1351
3976
2171
1276
1834
3295
2225
2334
2508
3924
1371
3835
1551
1975
2155
1966
3408
2970
71
3484
2753
38
1237
1332
1668
1064
386
2258
1157
425
3567
3421
3413
1947
3704
1168
3135
2606
2178
822
1513
1251
1409
270
73
3544
2403
1550
3169
3586
1277
2212
1241
3065
975
3960
2327
1581
3862
3053
3805
854
2031
3206
2559
1481
3747
3301
799
2438
755
3567
2407
1422
2817
683
1506
2322
3960
105
2680
1319
3898
1535
3364
342
2820
3406
2292
464
991
2468
1757
3518
1254
3515
1624
3510
1391
1311
380
1642
3065
3180
3065
1402
304
2197
3630
969
2239
1921
3048
1102
882
688
440
3105
71
892
1360
2965
881
3163
2650
3493
1001
3808
1236
839
849
2593
3019
3997
2790
1715
371
1482
1730
3057
2177
3201
874
1372
486
921
2875
1372
3048
2846
1388
389
1182
865
1984
2133
2471
1071
1226
889
104
542
2717
719
225
1412
1679
1031
2250
2114
2410
2082
1551
862
2511
3836
2213
718
1927
1511
1416
1456
455
3085
1778
3895
479
3542
3578
1951
2783
3018
2279
3297
3750
3534
1840
1987
2409
1739
401
3143
2045
3629
1420
2115
353
2919
2585
3025
3434
1363
2379
3708
3212
1207
1313
3291
66
3012
1510
1242
3931
1079
3078
3956
1665
2978
1037
3325
423
677
989
668
526
3958
3147
469
3380
800
3863
100
3322
2407
3559
742
3568
233
735
2129
383
2592
3006
3909
2706
997
2680
2586
450
3406
140
696
2077
824
1217
421
1074
384
1858
2456
1276
746
498
2925
873
3141
3758
3186
1509
1286
862
734
1768
1552
1880
1729
1688
3798
625
3927
700
2711
992
1750
2239
3048
914
1254
3325
2799
3267
2032
1133
75
3359
2575
2795
497
2229
1859
2273
146
2805
3813
1841
3256
1030
469
162
1743
1510
3439
3876
3104
2047
3612
1953
1721
1058
3140
2435
1608
1699
1153
1756
3846
3121
1806
1302
2288
2864
2591
2743
1393
3765
1130
1008
92
1373
1443
546
3988
1355
582
2062
3406
3996
1229
1560
846
2856
1858
855
3567
855
718
91
63
3709
3727
1531
550
2196
3560
1851
1159
532
498
2007
3198
2802
3408
1166
3018
3282
1985
813
772
714
335
470
3245
2453
2916
238
3335
113
2876
2912
3737
790
1973
1105
1462
3730
2627
3137
1847
3654
1600
634
837
2871
32
1881
1907
3281
3139
3158
2855
1215
2724
1809
377
2079
2863
3067
2100
3014
1103
1086
3514
2320
1380
202
741
1633
1075
1085
3687
2941
3896
3215
723
1057
3799
1111
116
2460
688
925
2939
1261
2033
3708
1910
2138
2053
2547
2044
2090
3754
41
325
1312
2049
3771
1494
2612
638
2564
250
3184
1599
2759
2892
2148
1497
2076
2354
2438
3597
1333
803
2825
3706
3819
2408
2649
2336
2929
2579
246
1086
1017
2958
728
3437
1631
1286
1673
2228
1904
2135
249
2773
1907
2729
316
2319
3939
2909
3155
1379
967
291
2611
1299
592
2408
2931
2982
3886
3756
1271
1129
1615
2737
820
1392
885
1712
415
1754
499
2630
119
1361
356
1772
3948
1872
520
1924
1194
2560
3963
2575
1862
3355
2836
667
1859
434
567
602
3650
2026
1207
110
1188
2784
716
3520
892
3566
1773
3280
3926
1733
1898
3046
1791
1786
2792
135
335
2430
3449
1571
2426
1061
2488
1163
206
807
3711
2337
1961
2853
901
2311
699
676
854
1753
20
373
2736
631
1994
661
1304
3931
8
2511
24
169
150
3424
757
3523
1889
3251
2256
2332
1064
3466
1017
388
2530
3198
75
482
3407
958
3241
3489
249
3059
627
3169
2054
2788
1380
2958
2365
533
810
1550
947
970
3971
3411
2449
1514
1105
464
516
3615
2746
3240
480
1145
2815
1731
2353
146
2007
762
3744
2732
2311
2801
1279
983
2112
3940
1009
847
1013
3706
857
2817
695
3830
3741
1934
2159
1389
1526
1608
2071
1874
919
3354
2389
3116
2040
2277
3381
969
1150
1380
2434
652
488
1361
1985
2657
633
2560
2891
497
2717
3890
345
2467
252
1366
84
460
3906
2563
1724
1989
2432
2307
1590
1338
407
433
3238
3904
248
756
695
3190
1723
1225
2919
622
2784
344
690
3237
832
553
2266
494
2383
1743
3664
3821
3088
1346
1505
926
3348
2859
1632
3638
3345
1560
1132
1218
3771
655
3101
1004
1122
1631
1201
3835
1288
2579
2797
1530
3549
1408
306
3057
153
3645
3934
3567
3733
3602
3772
2346
1542
3112
1769
3229
3831
2208
3652
623
642
0
273
1460
330
1417
1513
2189
3864
2340
1314
1867
1745
3290
535
1393
3824
1955
1428
2455
3941
822
1920
2123
3273
2175
3878
2802
605
2542
770
3243
3102
652
2885
2549
1735
873
1157
1063
3236
1585
485
1021
3534
2333
1308
979
2599
2277
3172
969
1332
3923
3585
2310
2514
2355
1995
2457
2870
3750
3354
251
165
1846
1390
944
1005
388
3064
1325
3390
2269
2921
3699
1449
107
3605
1977
3571
1767
2274
2408
3221
3853
1011
1951
2740
2088
3564
535
1464
3756
3265
3585
2379
1442
1983
3820
3568
2013
151
3138
1021
1420
34
1298
310
1545
982
2504
1255
366
708
2648
446
391
1130
283
1763
1666
3036
3856
949
227
2090
1219
3
2004
2542
1290
707
2714
52
2956
1042
3331
2086
3677
233
2715
2963
3237
2136
1661
3580
1310
1954
1190
1659
732
276
3814
239
1895
227
1392
584
675
2497
1201
3564
721
2396
2653
1028
686
371
1508
1095
3897
3414
1316
3808
594
1689
152
126
542
3508
3823
3960
3655
1434
1303
635
608
1012
151
1105
1223
1882
3740
2384
3779
2093
3051
2844
3340
2836
342
2778
1289
752
3978
3890
1973
2174
2148
2079
3451
1865
1251
3575
1057
2026
473
1394
193
3645
2940
633
2545
3425
3033
140
1476
875
136
1039
746
3176
3354
3346
2898
1549
623
2460
1764
3699
2618
598
73
107
1100
1047
1905
1961
139
3954
1890
2546
327
1482
1933
3797
2073
1643
311
2065
1964
291
2102
3332
3480
3744
3512
3250
3497
1190
796
3054
2494
2093
3716
2888
14
3381
66
3955
1285
1799
2799
401
3851
3370
250
2206
2726
543
830
54
2486
3577
2253
1220
1886
2524
2312
3112
66
3345
48
2499
2348
963
3927
1538
3785
1945
3632
741
3504
432
37
1995
1443
53
2126
2940
1215
3858
3660
2399
2083
3749
3528
535
773
2674
1025
3376
1701
1351
871
1868
3815
3822
2083
3414
883
3425
1865
1075
3346
2493
2101
739
3701
2486
543
538
658
873
1789
252
3580
99
1777
1316
3721
1495
2558
462
2260
3804
2360
3230
2782
2529
3988
2128
1104
878
3742
3453
3259
1176
3818
902
2752
33
994
193
3980
3210
3805
1085
1435
3285
2481
3475
3390
3899
3391
747
3734
3399
3405
808
128
3629
3794
3089
907
1675
1316
1658
2760
2362
499
2224
683
2650
3838
2486
777
3035
649
2546
3555
2671
1741
915
2642
1024
1900
2687
2923
3471
2781
2826
2953
2187
559
1351
2544
1270
3158
3219
2065
1241
1823
1723
3020
674
2053
1515
2512
379
3068
2004
2366
1160
2475
3033
2412
381
1783
2583
3173
1273
634
2126
973
3268
1266
400
643
448
3701
1316
1375
3502
3330
2039
1114
3041
2772
3745
3469
3063
3056
2479
3506
889
1565
3762
2215
432
1011
3652
2513
2178
3883
370
3516
744
544
3341
3467
2402
928
3173
1592
1443
2732
3463
3834
1072
2759
2729
1447
2039
1859
311
551
18
3943
3407
227
1178
3570
2267
2742
3818
2682
1612
2945
1195
3117
912
3803
3393
3897
400
389
305
39
105
3643
2157
2086
1374
1524
1076
3182
653
1037
1454
3470
3483
255
2729
1802
3748
2549
1030
3821
1086
1161
1396
1805
229
3564
1367
3629
1530
1659
1772
928
3454
2928
1017
3403
2983
1909
1974
361
2652
51
2546
488
691
1609
3012
464
3652
1860
3050
2490
2896
3361
246
1603
847
1855
3168
519
3722
1867
285
1131
2081
3968
3522
3698
1043
58
1372
1220
2521
2583
462
721
3360
1771
1626
822
3880
2392
440
3675
3895
2158
155
1386
1118
3963
251
57
957
1528
280
500
1924
3344
1701
3558
1023
3717
1184
3568
2365
401
108
1909
283
871
621
2130
2994
471
3551
1003
2522
2960
1491
3521
1817
2559
3149
1046
2592
2420
2641
1449
422
2011
1679
2897
765
2485
1795
3955
444
24
3879
1953
64
2402
1631
2022
167
2296
3008
3081
1388
3108
861
382
522
2268
3776
2987
259
2652
36
3194
2769
3382
1626
2883
391
283
748
1165
2612
255
3450
522
2619
1315
3885
2101
80
3368
1339
2038
293
3310
1479
1527
615
2968
2949
3951
759
2333
2796
796
1258
187
890
553
249
3531
1406
2703
3558
335
2854
8
1381
62
385
2898
1355
1109
2742
537
2876
1181
3530
1041
1707
1957
2766
1713
3824
1037
78
2910
3990
890
1363
2214
839
629
62
3752
2194
1758
576
2713
2287
1557
3459
2997
2198
3456
1751
2501
658
408
2091
942
647
2987
933
2576
1743
1542
1532
3929
1568
2190
3915
3128
3031
2999
47
940
2567
1903
2634
3844
2943
3664
3586
1656
3253
1560
1744
625
3368
3599
2544
344
2943
2583
3887
3124
686
1941
3467
887
3360
3986
965
2411
2955
3373
1079
917
2157
1579
449
243
1170
2122
3381
210
2441
263
1016
2929
967
2089
2121
1469
2715
2196
3601
2005
2352
2298
3495
781
3070
3729
2464
429
2765
3136
978
3001
1384
274
3396
3788
1082
1229
3764
1693
932
2948
777
1578
674
1000
114
3787
2122
1633
1511
3516
3145
889
261
3103
997
1332
2961
3400
2940
1407
663
2324
3263
1522
3180
1113
172
3523
382
2616
1815
2710
1002
846
2539
1779
1298
1395
116
1172
3207
1104
2244
588
2974
1844
3964
3019
3181
2595
3987
3130
3523
2765
3462
3393
1313
2653
2428
3337
1529
552
1365
379
545
2661
3566
1628
2356
448
965
695
387
2532
1633
3829
153
2202
3808
925
1148
1332
2888
2480
2468
1108
2782
1751
3142
3755
1513
1051
1150
2492
325
2420
3545
3807
1089
2681
508
3234
470
22
469
1770
452
1596
3996
1015
906
2386
3557
2085
1889
2697
1221
1325
1373
3790
3683
1079
3464
1406
3497
3935
2750
3362
2860
815
2754
2622
2763
1939
1839
514
2042
269
2297
1607
190
2277
3811
1618
2276
2485
2590
2530
1687
1086
2950
2630
3490
3819
881
2994
2251
34
3866
2200
3482
3921
676
1489
633
843
3685
847
944
730
1993
1086
3364
2188
3753
698
1509
1685
300
950
3299
2522
2536
3571
1297
2101
3862
117
151
661
873
2331
2035
3985
2645
3189
2892
3182
1172
1925
98
1879
2124
2394
1406
737
149
2176
2222
148
481
3954
3221
3915
3569
1390
2091
887
2580
3041
2034
3811
3294
3362
3574
3635
3265
1915
1280
1541
1130
897
2136
3354
58
3301
788
2850
3841
1282
751
3607
3404
2907
3937
3919
430
1915
1010
1922
2180
471
1318
431
3288
3208
2292
2169
103
863
3612
3393
2648
1382
1057
3851
387
1865
3187
1504
561
1955
538
1237
1833
891
3796
2808
2504
1292
3625
3167
3366
2594
780
2100
556
3673
1020
3323
747
3754
2526
2335
111
2073
2289
3761
2503
1147
209
1600
3872
3137
2017
2332
3811
1077
1595
878
497
1423
3437
909
874
1217
1321
933
1270
644
2323
2632
1254
1406
97
2277
1300
1937
1637
3511
826
1322
1948
1398
3835
2797
3204
1880
1968
514
412
1267
18
3447
2837
1623
1851
3868
3751
2864
2651
2834
3921
1760
1771
3350
359
1808
2014
3225
938
2564
828
388
3653
145
3443
1813
170
528
799
53
1652
3312
626
2404
1022
1747
3975
421
2563
242
1978
1623
342
782
402
96
2236
1486
2597
1951
2094
3474
915
370
2285
788
3319
1087
1259
2750
1206
1204
3276
381
588
3293
3072
2819
981
1909
3771
1891
83
3514
3638
112
2246
3314
2352
1352
2707
271
3578
763
3597
1267
2441
2967
3893
3220
956
202
2473
3998
1771
2241
898
616
2698
383
1836
2276
1435
886
853
1531
2242
1111
3411
1346
143
1546
124
1268
3136
3869
1136
3324
2914
409
3818
1533
3999
3632
2889
3982
1440
3852
1058
3048
1154
1996
3825
3509
691
3790
2463
1165
1516
2708
1250
1723
3695
2832
1042
2607
1773
3043
2237
1214
3644
1385
3847
1023
1498
2330
120
734
3496
1250
3939
3263
1749
2057
1580
1617
2257
1977
506
597
1120
382
3532
615
2422
1538
3562
2896
102
3064
3671
54
2148
2223
1116
1987
2264
428
757
2633
3078
1192
345
3878
2442
688
2250
882
3169
564
1979
2888
501
3665
1385
2690
3404
2075
3189
711
1187
929
639
2050
2858
1987
186
3604
416
1309
3788
1981
2867
3623
131
2601
2157
2333
2646
1085
1686
3161
2072
1294
92
218
3564
1524
1171
1633
3415
3724
2745
1238
245
1832
101
2065
1670
2103
2289
1869
901
3933
1376
2001
2353
3611
3567
989
3767
727
1273
1734
2908
3228
2237
753
3510
3266
3119
1846
3
3211
3637
3934
1050
2186
202
2683
937
2610
525
2955
2541
110
2518
1098
479
2619
2832
3068
3588
1638
1611
777
2960
2157
1209
3703
2371
3029
2135
3306
3813
823
2448
389
3676
1329
2518
2469
3102
1886
2272
880
3133
1377
3310
3342
835
3617
2341
865
686
3154
2750
840
2560
3691
1184
3531
3429
1175
1614
3222
141
569
894
3183
532
839
866
3916
3244
848
3762
3817
349
3607
2914
2078
2097
3269
1283
2193
1767
643
418
3763
330
761
532
3005
1374
3218
3158
2766
3892
960
1448
3365
591
1790
3822
697
540
1538
1344
2264
1204
826
3656
2208
1778
566
2745
89
3932
677
1488
309
2120
2301
1462
3897
2947
3483
2818
1913
1916
1674
3134
3188
120
1809
1860
988
3313
1767
825
2481
2310
496
1769
256
518
3155
3341
3725
2555
2044
3530
3763
2385
586
3182
2809
335
1026
6
547
2599
307
2968
3170
192
2614
139
2684
1781
1573
1879
663
3068
2154
1976
3793
450
2423
119
58
3910
391
2549
1614
2086
3321
2419
2326
2729
2755
43
751
1004
757
1471
1929
1891
3783
3258
3847
3883
343
3732
880
1815
1837
3871
445
3826
3046
363
2326
3109
2027
2315
580
2655
19
997
1623
2142
3259
2596
3463
1274
421
1342
295
2940
2361
3106
2222
3075
3266
2507
1546
1750
2882
309
920
4
3574
3644
1022
2777
3082
2603
3515
3045
427
1572
1844
2866
1139
728
3444
1175
3443
3099
2430
1662
2215
2852
1943
1998
2323
3921
2199
416
2450
2080
1660
1590
1137
2707
2545
3416
2465
3625
1430
2998
8
3560
2327
3157
3489
195
2503
1676
2190
483
2884
2370
303
138
3782
529
3220
2748
2368
2568
3638
1451
3922
3494
752
2224
3074
3590
645
2850
2917
2250
2979
2730
1256
2126
2333
3092
1055
2425
2515
3972
3333
1908
3962
2712
421
1675
1349
2497
867
2473
882
1445
2453
474
1976
3661
3904
1589
2363
612
3052
2615
1896
307
2017
1
718
2755
1800
381
85
349
376
2109
567
1828
1747
2118
1239
1949
3126
3596
59
2782
3741
2663
1091
3689
1588
564
2449
3004
3892
1257
933
201
3038
1152
564
1404
3652
804
3480
1187
1374
2923
682
2518
1052
716
2540
1431
681
734
1002
2609
1470
1844
2874
1425
1036
3230
37
1829
1266
3505
3030
2637
3767
195
1774
581
3626
1925
1237
1255
3529
1788
1313
1436
275
936
1250
1337
2772
2357
673
2586
1857
1035
93
1009
2492
2443
3275
2974
1468
661
2967
3763
2908
1912
3443
668
949
1010
3561
2482
2193
338
725
543
3911
3814
420
166
130
3128
1993
2651
927
831
3688
3502
3675
3091
3799
1811
2087
2445
795
701
2330
2989
639
1206
3398
3966
244
2864
3069
809
2060
1905
2211
2833
730
1029
3333
356
213
1315
2842
2495
3677
714
3740
3130
84
1081
1075
2347
2804
797
1601
2527
2540
3679
1353
3452
3943
2207
603
2127
2128
2110
1048
2016
3578
2972
1455
2814
613
2775
957
1231
3494
2258
2664
1023
2976
1684
2566
9
877
2067
1703
3731
2685
3104
2848
2068
1508
3479
2534
3959
2592
3320
2953
3974
1497
3457
3233
372
1514
1850
1340
2367
602
1541
1413
3567
1654
175
2131
3967
3683
3855
1178
2263
1574
3761
1502
397
1216
2256
3932
3212
1347
2660
3398
783
1831
765
3870
1119
3166
1530
3447
284
453
1285
796
2388
1501
1288
316
2933
262
606
2326
3642
1115
70
1933
1512
3683
1738
3911
2425
504
3136
3356
713
2899
3085
1055
2490
606
2006
117
2656
1034
834
3832
631
2598
812
608
891
1761
1267
3465
2489
2230
428
2672
493
1091
3040
2378
152
3550
2513
1159
145
2168
2730
1860
3309
2699
1458
1074
739
1114
3230
1935
3158
2721
993
155
3908
567
1730
233
1516
2676
1682
596
1173
2350
1275
150
902
69
767
920
2180
3465
3843
1082
2148
791
1947
49
2921
873
1597
1183
2976
206
3844
1219
3458
2456
2786
1072
614
1762
2596
3944
1194
706
962
2411
3696
2413
2781
818
3647
2464
1704
805
574
3245
2397
880
2274
3591
2272
276
3859
936
3021
3180
769
2016
2659
351
1149
2136
2842
3170
417
156
2553
1036
1059
1151
935
3451
2755
905
3995
1613
484
391
3336
3061
548
1070
3128
3683
1810
501
3850
725
2862
912
338
1639
1799
354
1230
486
3120
949
2938
3371
39
815
3337
1332
355
3291
231
185
3718
2987
1168
3789
741
760
3044
1866
1191
2521
487
2905
2469
1768
3640
2172
2563
1343
1339
2518
3442
1160
160
2605
2977
1247
3317
315
3917
2297
856
1323
1244
3595
1438
1175
611
2769
3930
2790
912
1876
2769
689
995
1716
853
2002
3285
702
1571
206
2973
3191
3121
1395
2466
765
856
1185
1674
573
238
1258
2778
1488
3214
2245
1393
3354
689
23
1744
1917
836
798
2556
2251
1601
3606
1710
1044
3698
2229
3042
3751
3678
2220
3954
416
2272
2065
400
1894
2806
333
2503
3620
3989
171
3533
2634
1724
777
2364
1599
2179
1558
331
2314
3780
1034
3702
1714
2127
3245
2117
1262
2266
215
1801
3541
2007
2124
864
1513
1006
2890
293
899
1265
3869
2509
3341
1141
3407
198
753
3112
376
178
639
3714
3682
2971
1412
2625
2868
2442
1459
2159
1659
3428
824
3609
1954
1879
390
2670
1452
1701
3304
2052
2218
2119
1104
2039
3398
1804
1952
10
103
1069
1716
3949
2041
3176
3928
649
3902
2814
1883
684
3375
161
3187
64
1704
3349
526
312
3488
2134
1158
3781
2308
3957
2486
2988
2553
3302
2152
3860
1519
37
2455
1290
2858
2205
465
2016
2250
1561
1314
55
2218
647
1888
149
743
2220
1663
762
372
3572
436
1784
2055
1671
1343
2557
3628
2537
1451
2531
1147
2418
1787
857
1669
3283
2688
3152
1471
2952
131
1068
3194
1027
1156
1711
2810
60
2040
1533
617
1190
3992
819
106
1969
1177
2498
2466
1306
2114
2517
507
2827
2571
2506
3904
3509
3810
2142
3558
3461
378
1714
366
124
3257
3078
137
3241
3419
959
3029
3152
2523
3615
284
2343
1147
443
1386
2009
56
2215
3206
3603
2620
2780
2562
3131
419
2416
7
1966
1764
1049
2800
377
3345
1746
2223
3308
2749
2305
1987
3596
3720
688
1083
3311
3054
1681
3231
1704
1092
3603
1932
3846
1648
3555
2246
2594
3738
389
1077
3973
1314
2276
3599
2259
1333
733
975
1847
3761
637
1273
1496
2160
616
2325
382
2131
1275
405
1007
3039
1478
1523
347
2700
2194
292
3775
556
289
574
1484
3600
2300
1299
1753
651
1620
1052
226
3338
2058
3970
3600
2596
2741
119
2113
1036
1125
505
407
122
2102
2063
2740
3995
1936
2549
2838
2573
3773
25
3682
1855
3997
256
1336
1970
2694
167
1512
1442
968
379
1691
2487
1843
417
2415
2356
1248
1926
1322
180
1104
1158
1298
123
1877
1854
3417
1874
2551
1897
324
1427
3312
3335
1196
1820
254
3910
1054
31
3471
3513
668
2727
22
1722
1697
3663
2646
3522
704
403
3127
3747
858
3377
102
3023
2246
3548
1194
207
204
1317
3379
2006
21
1793
394
2803
1213
833
2609
1224
2658
3383
294
1458
2827
533
3083
1310
1951
954
2271
243
1400
1268
1307
1930
306
1251
883
2067
184
503
3216
2721
3944
3296
3587
1101
1864
743
585
2705
1088
666
2515
2125
3567
436
1151
1284
2221
942
1517
2935
2369
2454
2016
2468
174
1117
3348
1541
3209
65
3705
2051
880
524
1553
1893
1837
1527
3225
1759
293
3663
3809
3634
896
3305
245
3681
2207
3192
3579
2205
590
3845
3258
681
3672
1209
2106
1727
1117
575
3523
321
2186
2022
2984
2305
2604
244
3888
1583
3651
3598
2971
1816
3676
1957
1140
2067
1578
1567
636
401
2843
1568
1164
2214
419
3801
3448
2077
3379
1493
325
3826
1305
136
1353
3914
286
1394
370
1814
2816
1301
23
834
1263
596
696
112
1536
2737
2552
1344
518
582
1695
3097
508
1857
894
1665
1959
1728
3526
542
3077
1981
2662
1301
3491
844
526
2082
1112
2875
3111
2061
3569
1357
438
124
3556
3539
2364
2591
3185
3945
2675
1639
3573
1128
1094
3612
1410
3646
1331
2110
1389
3892
971
2375
3038
680
2749
1137
2605
847
1997
155
2686
1060
3406
3055
736
2151
3592
3249
1811
2185
1645
1786
2920
2035
1511
2651
2999
3903
1624
2958
1918
167
2192
170
77
1316
962
3218
3009
766
1094
3705
1697
1801
1175
2070
856
1229
426
701
1113
1752
1963
636
544
2390
44
2691
919
3875
3095
3849
1372
1362
2368
1752
3622
1934
324
3319
2926
2474
3061
906
2165
3571
3417
1142
1357
1348
2700
408
1946
2695
393
3261
114
726
1819
3499
3139
409
2249
2369
3657
1863
2812
2548
1635
2538
448
2585
320
2976
424
1768
2675
855
1356
2029
1680
563
1681
2693
680
2525
3325
3961
1148
2100
802
2547
3461
2698
1717
1952
2004
693
1561
413
1856
2506
2906
639
2589
3434
43
1850
3384
1561
2719
1414
306
3493
3896
3720
127
997
787
2401
3913
1824
527
199
2959
2277
1944
3825
3129
1702
783
3329
2377
986
3038
3735
229
996
3111
2521
3791
720
2019
416
3227
1832
683
1099
1408
1986
979
1136
1415
2420
3516
1252
2966
2932
2857
2104
835
3439
3827
3053
272
2201
3256
3226
2043
3965
1232
2094
817
296
3297
261
3614
1535
3472
1861
2665
1795
2523
632
3148
900
1458
917
2024
3487
418
3100
3936
3658
2971
3905
2122
2650
1487
2035
1038
3324
3086
3633
3718
621
1523
1962
3584
1575
2348
2520
3947
3626
579
1437
1403
1577
2974
362
529
875
2994
2979
874
1699
3073
2896
1387
1749
2023
2362
2398
3328
2128
1299
1892
2416
1232
1953
665
672
3616
1319
1084
2176
2969
3964
230
3475
3979
2008
1052
1429
2339
280
888
1499
1887
172
1680
2344
1856
3446
3419
1910
1843
2254
1863
542
980
1870
220
2582
841
2140
193
3875
2335
2869
2845
488
879
1253
2432
895
3543
267
1830
1252
3713
2624
865
868
2495
2145
3038
50
2471
3639
3319
1986
1326
1453
37
3364
571
717
2956
3454
2358
3565
903
1926
3149
1029
2284
2957
2231
1660
2884
137
3300
3418
597
141
1890
3970
3749
1954
1570
1906
3626
154
820
3792
3099
119
555
1611
3806
3712
1360
2185
2757
3700
3288
1720
2197
3971
930
182
3566
662
429
106
1534
1854
640
910
2770
2054
1544
3768
1654
612
2635
2954
2482
606
2946
931
3811
1071
966
2800
961
2664
3058
1333
3867
2934
3097
577
644
424
3211
1360
132
3663
1411
477
2219
821
1725
465
953
3241
3022
2098
3485
1689
2162
3355
137
524
1933
1216
94
56
910
564
1203
496
1106
848
328
1687
2459
2554
3418
1084
3420
1972
1534
2776
1195
1204
1562
158
3984
1649
3965
1822
2008
1539
3509
2567
2667
841
146
1399
2054
1404
710
2204
2959
906
2203
2835
1424
2050
3160
92
3028
3223
412
3891
2879
851
288
115
2551
548
2574
1718
2103
159
1447
923
1672
2739
2033
3821
457
2417
2674
322
2816
2645
2602
1484
2695
3087
3217
3224
1094
1990
1541
1960
1216
3758
2570
3216
1135
1880
2406
3060
1540
641
3021
2965
1748
2143
624
3629
87
2043
1582
799
1647
1634
3373
406
292
3443
1700
554
3032
1923
829
2035
1295
2794
3468
3071
738
3226
691
929
2217
1203
2683
40
1602
3796
3486
2169
1465
2329
2369
705
364
3118
1096
2661
1612
2008
3002
1311
3715
2084
3635
699
2233
2863
1650
1110
3125
76
2764
3737
2107
3153
204
2894
1275
601
225
2748
1199
509
3399
21
1619
3197
1914
194
1794
1279
2482
2028
3196
1688
3232
2483
655
1932
42
1263
2462
789
3478
2245
2721
245
2182
3666
2813
446
1901
2101
768
2280
2936
1459
279
2382
882
3016
323
562
206
76
3882
234
164
2179
3684
3476
41
629
277
195
2880
1278
2074
845
2272
941
2150
3118
324
213
2597
528
3743
118
851
1269
3627
1607
2785
2123
314
2486
964
1963
2835
1419
1086
1334
2419
3594
3908
3098
3881
2822
3940
3195
318
357
3163
2003
2675
3447
3385
2737
1732
3632
842
3526
430
3535
2270
2824
3200
308
3666
1525
3140
137
2709
1242
1091
1610
2580
1107
3636
745
3721
1796
2999
2701
1487
2142
458
404
2501
1655
1812
3657
3508
2771
3326
642
869
855
3395
3024
985
3978
468
3537
2265
1438
3338
2996
1582
954
3432
2954
3621
1285
2702
2828
2583
3690
3164
1702
3746
3889
382
1354
599
2784
3438
1719
36
2957
1986
3026
1228
2723
704
911
3884
2293
352
463
1708
836
600
287
2333
2289
2519
2626
3445
1978
319
17
475
110
539
1492
69
2643
761
1205
687
1782
2800
326
2242
1369
1213
2942
3024
593
2948
176
3565
2682
1370
2156
560
3823
2025
3473
295
1439
1638
2218
2010
2366
1776
2991
1733
2427
2648
173
1594
1036
3034
2314
2811
2687
13
3315
790
86
3820
2961
1155
3546
1850
2149
1143
3732
1019
130
2608
1999
987
2446
2660
1365
3726
2261
3811
1765
3962
628
762
3662
1623
2731
779
682
2904
3576
2507
3538
1281
3865
1174
2439
433
2550
197
1476
1335
861
2533
168
2821
2292
3013
2996
1705
73
3397
2209
33
513
2
1618
3318
2132
2417
456
677
2153
39
3237
2631
2462
2847
595
3387
2762
537
1283
74
1915
1240
133
971
2309
3517
194
441
3912
2807
2491
491
931
876
1480
2725
2144
3961
659
3264
2790
1444
1546
1616
1992
183
2981
3117
3854
3352
440
1641
109
2624
2180
2629
2400
1569
2150
3618
2658
459
3769
1584
3374
2340
1982
3103
2733
2882
3994
3511
3171
2024
13
196
3376
1281
1235
610
219
831
3271
893
416
2372
640
870
2515
3423
1303
3554
2166
201
2391
1658
2646
3492
2586
208
2722
2592
1293
2596
629
977
1912
3037
612
758
511
2400
435
27
1860
2565
1694
3981
3307
2704
253
1498
3394
1102
348
3814
1296
3201
784
2974
2301
984
3547
374
264
136
1958
2106
2568
729
2185
2841
2937
2849
494
3144
620
1938
1201
646
1814
2173
3372
471
1007
1053
589
2441
3949
2830
427
1162
1561
3412
3469
3007
192
3697
131
715
2704
2033
924
3997
2947
3017
2017
237
2032
3011
3966
1677
116
3114
2902
3259
1435
3861
1582
3286
709
122
2496
3037
3840
1861
1513
1940
3094
11
2865
1886
339
1392
2288
3162
1995
2163
3213
3863
2779
1471
330
3151
2380
2654
2550
1692
3685
671
1942
1412
3297
3938
1794
374
1640
1388
1852
1931
955
1441
2831
3358
340
96
1847
2962
3251
801
2180
3150
1971
1946
2761
3000
2613
3982
3047
1633
131
2436
1690
2376
2535
1191
2138
282
