197
411
607
916
326
496
107
675
962
463
916
946
911
400
995
139
483
730
432
764
494
907
679
560
589
277
952
566
10
441
214
128
62
459
983
930
49
866
218
597
241
586
400
87
382
928
280
337
406
649
86
117
36
400
678
425
866
986
10
844
96
415
860
12
837
359
301
410
114
902
147
659
318
374
81
123
380
583
752
72
97
990
643
665
441
943
713
153
289
672
476
307
535
452
262
627
861
393
419
527
197
999
465
825
790
149
260
906
973
473
990
172
487
939
283
331
970
766
771
330
84
349
961
270
715
254
112
513
435
22
390
437
262
185
328
258
781
579
436
438
325
520
702
712
109
557
930
17
156
977
312
216
687
347
222
977
864
129
383
473
282
642
545
96
920
665
4
699
798
918
519
669
272
363
700
9
126
872
204
487
609
659
325
40
495
775
663
984
666
912
670
360
495
721
474
556
185
282
26
903
654
769
487
577
338
627
365
771
647
487
116
407
822
408
845
158
167
45
39
935
117
535
586
817
429
678
947
158
788
280
13
508
200
304
57
664
167
662
476
417
252
624
39
974
40
709
76
182
604
354
596
931
301
27
781
105
968
959
89
904
173
872
770
347
649
230
929
325
931
664
829
152
856
486
65
969
841
565
383
731
954
712
640
62
166
87
781
756
742
975
327
680
240
102
755
275
428
392
258
276
42
291
685
259
383
892
341
931
487
749
880
338
292
155
312
542
460
983
221
141
57
873
515
113
465
220
70
190
790
531
362
385
768
870
887
800
422
408
985
768
396
416
789
198
446
337
32
278
131
912
826
225
437
843
311
279
180
177
222
625
714
321
531
33
521
554
703
880
153
380
487
244
38
42
202
501
438
885
83
946
479
958
679
284
343
759
736
478
413
926
112
23
933
871
490
935
514
477
321
570
499
253
940
731
879
320
553
768
61
778
454
790
661
827
472
401
266
722
506
74
945
841
687
150
474
201
258
142
253
171
546
496
793
775
700
122
173
781
864
430
33
510
590
974
519
822
865
397
123
232
313
56
386
181
519
727
30
587
417
620
775
135
981
439
942
606
34
315
747
269
866
937
38
779
44
87
602
816
119
12
486
845
0
658
13
255
460
153
29
17
609
180
532
333
750
147
831
822
636
388
964
901
772
334
983
623
631
955
450
663
781
393
126
581
925
598
158
754
515
198
234
679
911
347
73
833
834
255
927
987
44
504
710
577
577
448
457
316
242
840
348
534
647
969
87
108
786
775
41
963
974
491
809
968
143
43
616
673
292
672
347
249
823
819
244
108
485
108
687
767
512
897
306
514
593
440
494
270
363
289
883
69
756
819
743
250
580
41
71
214
160
177
902
524
480
1
658
826
740
462
166
92
926
242
146
726
752
505
295
854
430
873
214
12
366
731
608
656
316
106
408
86
178
431
605
831
125
503
220
343
762
433
370
567
407
344
694
639
135
489
797
298
845
689
711
13
482
551
215
45
17
265
312
612
895
846
323
888
344
519
189
440
156
283
733
412
1
437
620
736
490
628
972
572
437
791
395
283
323
634
905
542
152
410
4
821
250
513
77
793
766
223
763
457
613
189
486
767
982
495
366
253
902
493
482
177
642
406
644
899
413
98
897
823
389
209
278
188
239
701
895
328
659
978
249
165
634
462
791
739
411
864
442
155
790
81
888
502
280
361
655
136
605
784
404
204
867
643
908
181
946
870
603
991
858
828
611
848
14
488
580
646
580
238
514
173
78
276
61
285
866
862
161
390
429
707
917
370
759
370
297
261
824
976
480
187
217
969
541
398
517
647
162
210
493
276
732
568
930
33
354
211
694
49
548
970
68
781
17
138
182
444
400
848
228
758
592
840
954
789
419
844
187
97
461
885
369
687
866
63
7
165
742
548
166
444
62
584
995
162
483
691
913
483
127
96
851
132
352
114
985
262
252
160
736
313
518
609
314
262
472
803
666
324
478
189
457
234
896
808
336
72
7
269
113
940
871
48
595
677
100
155
547
343
93
408
935
451
710
31
399
18
41
336
85
327
740
86
219
518
902
521
347
557
498
670
697
525
838
444
685
940
302
245
957
347
913
775
64
463
574
822
237
502
615
24
809
920
378
453
455
272
505
409
849
245
232
168
445
625
971
436
147
213
514
230
531
895
885
687
460
993
305
721
311
471
301
383
458
277
214
597
888
83
333
462
238
166
915
488
512
555
67
902
449
291
157
466
626
958
235
308
465
29
228
892
499
120
895
952
829
552
298
154
476
99
359
10
421
306
991
819
206
952
249
636
706
313
811
997
748
580
865
156
459
143
676
27
564
62
177
720
870
55
474
481
286
293
26
961
498
862
746
316
506
59
321
210
499
116
376
460
902
150
851
633
341
267
939
122
398
963
72
394
720
300
356
292
593
780
643
976
794
358
630
486
498
929
135
54
423
33
559
329
356
215
179
831
684
196
965
46
381
70
679
683
7
356
74
673
131
484
156
467
881
630
472
871
337
725
755
186
53
26
123
980
375
899
564
280
184
778
837
848
410
255
208
372
689
739
719
378
195
78
194
738
388
179
891
995
959
218
555
812
982
234
141
400
946
377
767
537
886
201
610
999
462
466
79
446
345
601
177
38
910
364
820
104
688
516
798
445
63
424
592
861
852
669
460
457
736
647
925
231
871
38
514
998
813
454
121
146
299
534
889
888
128
111
447
522
356
451
336
239
334
311
14
114
757
734
462
309
995
595
941
387
731
743
952
372
780
742
323
953
227
389
894
488
618
84
684
209
183
973
102
73
776
906
927
415
250
177
692
653
621
973
242
248
140
525
783
481
358
109
89
931
75
717
734
169
166
459
327
994
436
602
797
962
262
598
212
237
721
714
433
773
222
719
310
99
899
575
336
776
553
864
545
448
27
948
883
701
226
859
682
897
111
463
804
554
984
943
997
124
281
611
822
772
164
96
561
203
806
999
335
660
205
896
798
70
235
119
801
246
417
236
411
639
256
663
58
611
184
502
432
164
305
893
70
219
25
740
979
985
910
52
51
977
529
233
724
732
174
794
103
732
395
890
960
29
688
343
540
405
298
754
25
84
833
20
712
909
910
135
827
110
128
671
819
426
385
650
187
5
9
765
619
758
712
795
880
270
758
839
239
335
227
848
661
902
3
341
536
385
885
375
54
403
793
538
82
281
713
8
240
601
353
66
498
19
719
680
748
428
293
824
700
692
401
125
268
135
216
16
152
414
820
816
877
753
924
880
523
802
251
22
626
706
284
667
318
489
231
115
91
685
354
774
687
562
431
223
382
390
886
465
600
723
493
559
650
380
890
774
668
309
136
462
895
245
372
863
164
637
824
944
24
44
919
654
299
212
406
858
93
273
274
476
140
736
263
135
905
145
379
707
439
41
800
635
417
992
498
651
508
357
956
76
728
307
402
818
171
15
938
729
898
801
288
98
300
997
857
913
435
437
4
563
936
192
832
773
25
633
565
995
85
835
565
216
228
530
757
410
416
508
225
761
308
546
164
207
191
821
705
562
103
1
182
342
11
309
588
673
989
490
427
852
371
423
152
741
12
805
463
320
777
741
304
849
720
821
901
152
324
469
606
263
900
803
34
969
379
166
88
920
854
284
322
694
229
774
256
507
525
972
41
573
673
400
531
528
802
418
140
224
516
755
10
967
816
799
509
616
232
882
627
475
447
486
761
599
836
110
186
622
827
571
290
587
456
978
468
151
796
669
850
205
767
6
368
190
908
888
233
350
489
715
324
836
384
719
561
122
301
373
965
118
826
984
540
147
224
923
903
631
645
371
405
830
284
855
596
850
964
412
762
815
468
440
205
297
294
991
244
887
591
561
277
679
253
21
137
592
950
103
648
15
202
443
785
562
39
339
526
767
107
988
638
835
878
443
946
966
175
441
782
77
112
802
75
699
443
285
911
319
484
919
46
193
194
176
984
90
391
469
708
195
361
30
204
934
938
187
962
594
921
884
413
492
144
76
361
735
352
869
475
898
37
56
697
94
231
922
564
353
723
354
544
875
874
325
146
259
217
95
97
657
792
601
268
760
387
544
265
751
54
287
632
54
387
197
32
804
684
818
12
18
740
608
73
172
470
4
473
716
746
842
815
20
853
794
137
738
241
168
385
914
867
576
584
745
877
414
230
617
60
699
486
271
884
472
172
420
613
859
802
675
696
249
612
193
84
101
159
239
955
686
814
667
474
264
573
332
4
847
542
199
473
365
132
28
116
949
464
509
133
127
148
123
497
392
474
303
47
738
687
704
342
674
131
550
65
130
868
650
675
346
533
414
35
484
690
790
853
641
450
681
876
443
233
400
810
371
399
367
582
388
87
543
718
617
243
550
823
247
435
340
643
351
932
551
277
170
631
807
542
317
614
43
257
886
558
352
2
426
924
511
569
570
549
375
500
927
695
385
693
603
744
540
698
791
787
403
572
539
163
814
434
841
192
521
772
996
80
773
88
585
862
355
737
16
296
898
742
578
266
779
482
134
50
402
951
62
652
197
202
629
