141
507
597
1517
600
1126
1578
421
1628
1201
1588
560
1808
710
1881
1746
239
1232
1150
868
1836
399
306
228
1587
1576
1441
582
1195
315
104
636
1495
1378
1544
989
1307
1156
1459
1892
1324
163
1652
312
336
424
827
1092
1093
424
358
1394
1854
435
1611
1256
1879
618
241
1647
1129
1530
447
348
569
1433
908
78
1099
1308
678
1939
1045
306
1358
1702
574
1857
1856
1465
1893
923
1312
906
381
364
1904
518
1942
1267
1886
727
1575
59
666
1851
1863
357
709
1939
1212
771
918
612
155
243
1462
1117
1917
1926
827
294
1922
1164
113
1201
463
1614
100
560
931
1800
763
691
1256
65
638
1819
1301
104
1032
272
880
1277
1927
844
1969
985
1504
706
1809
378
1552
574
817
463
862
1515
984
1277
764
1419
1204
876
1659
1750
1473
241
1422
1778
567
1144
391
1978
93
1085
1534
815
956
1767
208
840
1215
1458
644
23
70
952
457
826
1770
1340
1851
1930
875
1298
756
1636
837
830
1615
722
1472
1848
1383
981
983
392
1279
1264
112
1251
1691
1636
298
1458
1659
1044
1589
1580
1495
1092
843
960
1670
1971
1133
1457
1913
674
408
1341
260
1824
166
252
269
483
144
1282
989
1685
241
480
1875
281
1542
1390
1640
24
898
1981
1997
1325
1614
908
416
825
573
154
1726
179
254
1106
1554
80
539
1560
187
1467
878
174
956
161
819
1459
941
1419
376
1305
143
745
1152
1585
1213
248
1159
357
1630
1887
177
1250
358
700
1948
640
1868
278
1843
128
1607
414
836
817
721
1031
761
1486
462
527
1938
680
309
1001
1684
1771
1229
393
1163
175
339
571
1547
46
1959
976
596
1980
1863
614
1028
488
1699
242
534
702
1568
317
1480
279
88
1752
890
334
1230
622
770
911
1567
1237
45
1870
1604
1119
960
1120
500
291
461
634
679
867
1040
1685
117
923
89
395
796
1205
84
513
1056
507
180
640
253
1770
926
577
537
1551
1521
101
1860
513
804
1086
1681
474
456
1102
1342
227
332
634
879
11
112
394
74
4
273
896
651
1819
850
98
1879
1346
1724
981
1469
1371
1180
360
312
1283
1402
1275
1186
1640
1131
363
483
953
332
1867
1607
1113
1775
319
1085
1807
1378
680
651
972
1994
199
463
138
1247
416
161
718
1953
813
68
1066
120
43
1243
306
1401
581
1144
1944
1284
60
1791
1062
442
1520
314
1560
1692
813
1814
19
559
180
586
1958
844
1333
1207
1579
196
1782
1435
586
32
771
1072
987
1238
1890
1202
1317
1591
1297
429
1528
710
350
1252
372
1107
643
94
1284
1893
1133
1339
938
1687
1239
1429
759
665
1272
1906
391
103
1365
805
1831
470
868
404
1701
1179
766
1860
1443
70
1344
208
54
1467
1279
1721
625
1201
469
39
697
1331
12
542
581
1509
1542
892
1541
225
519
238
907
1998
863
1026
426
1874
136
1431
794
1038
1528
1297
548
104
1539
1433
1808
326
1153
337
1081
1622
839
789
1402
1451
1381
1261
1864
1
171
703
1115
1009
473
1489
1625
1824
1825
1036
65
1443
987
460
753
1325
101
388
869
1096
117
686
1821
1058
1821
192
1385
879
713
922
771
396
263
828
809
1316
228
1717
742
219
495
1398
1164
1991
1149
1829
1073
735
8
1581
291
1868
612
514
8
636
1552
1922
1494
1349
1253
855
1980
534
1806
953
699
1337
372
1457
949
1685
133
1881
1408
481
1329
527
71
1618
1360
119
1886
405
1283
1328
1199
24
534
1999
230
1122
1278
1543
1381
419
5
251
1397
1206
143
810
570
1716
1767
1881
753
1506
524
190
952
42
258
1240
1723
1607
1174
1996
1623
1913
929
299
748
169
1256
447
708
583
1710
1444
1002
1167
615
659
56
457
666
1257
562
1296
1697
551
41
26
1456
243
1869
854
624
507
1074
1429
1319
345
1261
30
998
1746
107
229
559
585
1934
1910
1280
849
1733
363
1920
943
199
750
1077
1038
380
1192
1504
396
1128
567
1286
353
917
286
1915
63
1932
566
157
197
1455
1490
1386
1966
1206
337
431
1783
1332
797
1759
1886
933
1824
1596
1862
502
358
773
1350
241
1789
267
1169
68
601
193
1200
349
372
1
76
1748
882
1509
1608
885
1955
568
1066
1704
1666
1354
1930
1775
1322
873
51
443
1385
675
1767
75
1100
677
1648
83
1801
1454
1824
1381
92
1237
1993
302
1929
803
1529
1295
816
79
46
1622
255
1541
919
1929
833
1218
618
1743
612
1422
914
987
201
774
929
1526
1892
148
899
1831
1986
414
1171
497
875
1832
1430
1465
1037
1015
1733
1699
1080
1556
793
1528
552
1352
95
1398
1485
1674
1771
1876
1302
1410
1224
256
1596
1785
1005
311
1803
1663
1804
1793
27
889
1268
1718
1853
1477
294
1265
944
1275
1316
383
84
1458
1541
1220
774
27
1350
1947
361
1470
1611
1591
838
896
66
266
554
78
648
305
78
1080
293
1995
1204
221
1075
389
1725
302
1276
1859
167
514
993
1372
100
1798
743
1571
822
798
235
509
1638
877
758
564
483
429
1420
1991
760
459
1935
1835
1911
1522
320
1779
945
786
837
519
695
1085
1142
964
1643
1534
754
320
735
1110
1343
424
527
1412
1982
296
1163
112
1580
870
1532
1477
1380
1275
24
377
1442
767
1249
730
1012
1248
823
646
1865
1054
1742
583
1835
1767
1098
633
360
122
1015
249
252
442
1317
1548
1579
1153
1552
778
874
1518
237
549
253
364
1089
569
1707
145
1484
1634
813
1776
450
981
1846
491
970
972
1565
1864
1936
561
917
1279
1013
1397
1549
285
262
686
1491
168
186
363
1348
976
1124
1654
287
542
1305
1925
727
1516
27
748
1063
1632
756
1922
1808
230
1023
1470
1997
874
399
527
1640
959
1491
1013
1797
126
1329
175
1692
14
1248
1986
724
92
1970
1218
1643
919
573
672
1826
1355
155
288
1301
1305
1415
758
680
1919
456
1613
1549
1209
1595
1267
275
1155
488
1813
1816
1465
391
226
1374
622
1467
670
1116
1893
1660
166
619
1616
1555
1706
1393
850
814
620
315
483
1235
324
1474
896
513
1789
880
172
1378
880
1165
1591
941
603
50
1288
1129
781
622
1082
859
1536
550
1969
1168
228
935
1992
1206
772
1480
25
116
599
1323
632
1691
678
482
1036
1620
1733
1646
1642
1368
1375
658
511
1615
1122
1398
218
512
628
504
965
1367
561
588
1886
1012
1906
1188
870
960
1052
1323
1077
331
1890
1068
823
97
375
496
1175
859
564
195
23
225
1026
696
249
685
117
1507
349
1818
902
772
1080
508
27
292
829
1866
1924
1975
1866
742
309
1377
1954
29
155
534
738
1577
989
842
1459
675
113
519
1979
1430
1639
956
623
656
1238
1314
1977
834
1953
1258
1858
1830
1766
562
1853
847
803
231
448
156
1717
789
799
1175
110
281
1543
1738
18
87
1427
993
1759
167
351
1370
6
635
1287
57
1002
844
1402
712
660
1249
497
1788
848
1057
38
1523
824
512
1346
1625
1179
1958
279
345
1482
1949
183
144
1119
969
927
1870
698
514
1684
1286
185
444
360
1157
931
1384
1049
911
1249
1763
1943
484
793
1916
79
1954
361
611
1384
1316
1821
1469
1401
1528
717
1140
294
207
117
1435
1589
781
1474
1216
1505
656
182
202
1595
1277
905
737
135
262
316
1596
570
1655
1290
1398
318
144
462
554
335
189
1259
1486
565
1745
1516
1772
1919
114
697
762
632
29
1794
1627
697
554
491
559
43
1418
964
677
1127
1997
1716
993
1611
1344
1922
1225
395
1107
223
1993
1554
1129
1859
1766
4
792
850
1648
1586
49
123
64
1736
1353
1837
305
390
182
1015
699
569
357
282
1338
1206
680
28
1661
1026
1101
1052
90
1857
985
557
1359
1193
709
1522
532
1778
1070
324
749
1852
1328
451
1323
1885
637
374
113
950
1062
1872
1843
560
252
1458
1739
184
1265
1831
1286
533
1544
559
1291
1746
219
1067
1612
1692
922
1586
1093
1097
1761
559
1377
451
1571
1352
747
1296
643
1674
354
1295
1937
1702
102
1089
705
1378
495
946
631
1741
382
227
990
1859
1610
1125
281
761
476
563
849
1782
487
844
1084
767
542
1244
895
637
682
551
266
1052
131
1937
1410
834
1515
1660
940
410
1754
895
484
861
500
352
1229
333
1143
1998
1491
189
1025
1165
557
1903
1182
158
1071
699
1374
411
955
1369
869
364
535
652
1885
89
1562
299
1702
1132
847
925
1181
497
380
673
842
1342
829
167
1395
809
377
1918
1998
266
1863
1770
1764
1215
1353
1569
1073
1206
997
1203
376
490
901
1188
1252
1324
501
1896
409
365
346
873
1512
822
161
1384
305
1317
1973
510
899
1988
762
1773
1007
1287
1351
1080
1515
674
657
1147
338
1429
801
312
1560
1029
1432
1008
1403
1880
1417
683
774
364
740
916
287
1956
1011
1331
1440
800
974
1736
1699
680
1625
481
1702
294
1101
824
1422
637
1107
940
1415
297
828
1339
1465
1748
1135
1369
1223
1682
650
111
1569
1851
1257
194
810
1826
1349
767
1428
854
1171
1873
1094
1716
557
1054
1999
871
1086
1844
917
574
1127
491
1734
456
287
1463
1952
1230
263
381
1308
1196
1131
1903
1012
558
1876
1606
1253
1668
522
795
1904
721
167
610
1259
1286
471
1587
1509
1814
43
630
790
1109
573
1307
1748
162
1486
1859
1762
78
91
1758
1667
360
542
1362
1180
1254
129
452
40
1266
1789
1335
1269
1806
992
1358
651
230
1725
31
1453
97
1518
823
520
1875
180
1796
776
370
1615
626
138
915
1049
341
1852
609
796
1488
113
361
1060
864
1441
308
1663
1321
1084
386
1425
938
127
63
1989
575
527
1269
13
883
1554
1727
1642
224
1854
292
487
1493
889
248
800
1251
1519
891
336
1011
962
1388
1144
1863
1084
1086
811
812
48
228
614
1225
766
1452
653
502
1909
1222
1728
1484
1250
896
1741
869
1799
511
1407
368
712
1132
1941
1267
1262
1704
1725
493
1310
1261
1204
83
565
1558
696
1244
1767
241
1875
1677
1910
313
1035
201
1391
473
1882
1707
624
1163
1949
1984
1190
1381
1160
1966
1700
1966
647
597
1520
193
31
1841
71
1165
418
1881
641
1510
1618
1527
975
796
1005
676
929
1541
358
1903
388
330
1300
666
536
1771
1700
1378
1824
1840
394
265
819
1485
1781
1793
1248
631
1245
1914
756
1833
447
952
11
1781
646
318
783
1136
465
847
65
592
431
1595
1894
135
389
549
1932
876
43
1439
794
535
785
404
1093
1145
1648
1714
815
1430
1275
67
1241
1744
723
742
1449
1281
265
1343
39
1125
495
647
1330
1217
632
433
1792
1012
1902
59
722
1992
1570
941
229
725
861
1265
853
1331
1989
1278
1596
1881
396
1043
1608
1159
659
925
667
684
683
1397
636
1509
988
1177
427
1315
1214
245
785
1063
245
1166
1413
1021
618
1275
924
803
51
560
1672
1636
1861
56
497
1413
1696
1582
1681
682
537
968
328
1046
261
1841
1104
462
240
82
1387
1721
1838
1756
1321
1063
361
1796
710
1290
1241
1435
656
517
1425
169
1126
1103
1990
1814
1515
804
427
1365
698
1481
359
1661
852
1289
888
1940
1061
1729
577
954
692
901
1855
1200
121
701
1769
436
1369
1103
1638
1162
412
426
120
184
32
524
166
478
1382
1009
1815
1200
1402
1960
1386
1169
1825
1460
1987
1342
971
1340
432
964
1047
847
1033
878
1862
488
1606
432
1239
1609
154
1401
546
807
221
632
544
530
1816
751
1719
1423
1945
1836
1876
276
1399
169
1761
288
1503
1954
262
660
252
1039
571
1250
166
829
508
1232
1569
317
1925
857
1814
840
1757
977
207
1901
1119
1074
1243
1113
930
776
497
50
795
485
642
1120
1017
673
1639
1464
1438
866
1609
519
765
852
672
1399
1646
694
787
1313
719
1745
334
703
1733
5
1314
956
1008
353
742
507
1644
559
1883
1329
1651
570
1805
1152
704
1005
1541
928
1007
681
1739
1996
1153
1378
1673
1799
1323
887
827
841
1677
348
195
186
1168
293
1176
1401
1833
1698
1935
1961
1850
946
402
281
152
1381
828
14
1991
162
823
144
993
1169
1164
1582
389
1126
89
1214
988
1722
1329
1861
984
872
542
47
453
1169
1793
60
849
1437
1946
632
360
783
1923
1253
1543
675
678
1686
850
166
959
842
1266
674
781
1171
22
1317
1610
1165
1753
1267
421
642
1447
479
1644
927
1226
1152
644
191
558
199
37
1824
1438
1827
1001
1351
1672
384
692
464
1849
156
734
1071
1288
903
763
1112
1519
422
1884
1351
1027
228
1855
1197
1300
1670
433
601
176
57
35
1051
666
214
1625
482
528
1603
1017
1197
968
949
383
422
1066
641
590
523
1327
1294
370
1280
207
464
1127
1585
551
1473
1192
808
1431
1990
747
176
1631
985
506
1156
1093
225
907
1442
953
784
50
1793
256
1161
204
252
620
1307
1340
746
323
347
272
1210
24
258
741
207
1743
852
150
966
850
1880
1877
1774
1320
541
776
1872
1823
36
657
754
543
698
1773
867
769
233
1965
742
1642
1061
617
1060
1360
216
1466
1140
1080
949
92
1852
629
1102
312
842
1514
1096
1274
771
1960
1893
1815
602
687
1780
1093
176
854
1638
976
1147
461
222
857
1330
1696
1005
1409
1951
974
1000
1746
1851
373
1114
1374
580
391
1446
1452
1357
1288
1487
782
257
1809
256
1993
61
128
715
1526
303
576
1746
345
1355
1399
1423
456
385
1858
185
1593
1396
1843
1339
1150
952
1414
300
1736
1702
877
1208
718
149
1765
1406
1547
1482
22
355
1107
247
1411
399
1932
367
1450
1507
1436
1679
857
1194
297
692
1975
245
240
1521
685
246
938
1583
825
1619
1876
665
1566
140
825
226
1041
1682
1963
1212
669
1810
796
541
1951
1303
582
1578
62
1121
1292
351
705
515
521
204
1383
1587
897
466
1268
202
1222
281
454
1608
150
935
1153
1811
1081
922
486
1699
161
1476
1506
254
375
445
478
530
77
608
1172
1660
1154
921
1455
876
1142
250
1677
1121
769
1457
1645
68
1831
1392
1572
1724
1426
454
1950
1251
1041
48
20
1715
726
1135
721
1417
24
448
908
1046
1978
475
1750
278
62
811
116
662
1702
3
1654
978
1101
1172
1461
1701
305
531
1088
136
1815
1069
325
579
478
387
1905
774
580
661
1497
986
115
852
163
415
471
983
1902
314
658
1413
978
1806
1852
1151
1383
615
747
1902
1888
188
1537
1699
1529
229
1620
1571
498
407
514
621
378
535
613
1767
234
1175
1394
1871
653
1717
237
66
597
716
1160
980
940
1499
803
988
1083
1064
514
1030
504
0
1322
563
1413
942
227
982
1809
1096
338
1953
1992
1329
1109
844
11
139
1742
220
1187
1721
504
153
1517
1802
1728
812
563
618
321
746
592
637
1280
329
807
1337
1003
1286
1303
165
1278
398
85
776
474
134
660
720
1448
719
1604
505
1376
1457
1887
411
881
463
854
991
1771
1774
343
95
923
1065
1327
639
1329
603
1557
74
1203
1995
121
1969
1431
259
833
1699
1060
1080
449
1392
435
1185
1730
1673
806
145
889
667
623
1050
1463
1016
100
275
1127
1404
442
4
179
1830
1887
429
939
687
1525
1835
1308
539
1633
209
15
892
1613
395
920
969
1870
561
655
1555
146
606
952
277
1123
1857
1522
707
1824
572
1549
1490
841
1321
1982
1709
22
634
327
1693
1230
372
445
730
77
1372
951
1541
1497
1355
804
170
1679
1308
801
1091
764
1818
1689
1644
1064
971
1500
201
239
1916
1949
528
575
619
1293
1921
1755
103
930
490
835
38
497
1115
1707
1660
1004
1420
901
545
700
1843
1786
1606
1984
1368
1341
524
526
1918
1640
1311
1045
164
492
203
1237
1037
1360
340
1514
20
744
1657
431
1483
1934
1683
1406
1756
149
540
1806
1318
203
1807
1053
1080
1926
397
1242
1933
766
1088
73
109
588
664
752
1536
1875
1024
1126
1020
351
1870
478
1981
1434
1522
1839
1415
538
1196
657
604
598
338
1734
910
1739
893
1867
1051
1757
937
987
333
881
18
1845
1158
1765
1481
1587
544
1019
140
359
1664
1885
1246
1575
782
1079
365
1603
401
1706
1895
719
1888
164
737
591
1964
323
1911
71
939
165
509
1635
853
568
27
1055
379
1829
975
157
809
1118
1494
1676
1093
394
1468
1178
497
264
1747
86
1881
961
56
35
466
1108
1369
1812
1916
127
160
185
1221
1051
376
353
1973
887
1511
1668
1299
855
979
1389
1088
400
1418
1527
777
1370
671
1240
1216
158
772
268
661
1897
1529
1709
1531
1445
1421
1130
316
61
297
320
1122
1303
1256
1477
1729
1010
28
1044
1599
570
304
1007
354
1454
1794
56
1593
1568
528
1338
967
1693
1866
884
374
144
6
1355
1721
26
1858
965
600
1419
1236
1245
1498
342
1447
1144
1447
1666
1858
1981
1667
1897
1917
882
206
1066
1326
1102
731
1777
491
1846
1807
1043
932
271
435
1089
693
217
601
1446
1233
283
1679
1561
1346
493
1675
406
190
142
1842
307
505
912
88
963
506
181
461
1912
669
307
1755
884
795
886
1822
1649
1973
1710
275
1070
28
1683
1181
27
728
958
49
1797
1694
759
118
627
96
572
913
1621
1183
371
1916
1511
417
1342
295
142
205
1735
1065
1537
1928
832
1807
1006
1937
1414
1917
1800
259
703
1574
246
1211
1861
763
1090
639
1293
1871
1910
732
1915
1138
808
607
1005
744
322
755
1664
645
1451
1240
8
1306
583
272
96
59
1267
845
1957
1125
855
843
659
1391
1933
951
1565
714
525
1691
88
1254
1873
962
616
1289
711
334
1089
856
1525
1787
820
51
1046
888
1331
224
822
1021
1260
1332
848
581
9
1590
615
459
594
181
1621
463
1195
1832
1540
242
1405
1653
8
1533
1052
1617
441
99
1479
769
18
1076
255
1273
205
192
1962
448
179
72
973
811
584
1094
1557
1760
1098
1750
1720
45
148
1713
1783
611
1379
628
507
1563
225
437
168
1915
403
1036
491
489
1595
73
1048
371
258
1158
1935
503
607
1365
1486
957
1133
909
1641
214
1989
352
1802
1852
1932
1134
1912
1181
668
1152
1690
1862
1004
688
915
1424
1740
966
1046
425
655
299
1968
1902
373
24
783
1751
1234
1741
1590
434
1457
1478
1409
740
1572
1018
1705
111
1454
362
523
295
967
663
1790
1744
865
1526
1769
1097
1558
1538
369
941
1211
119
921
671
1820
1744
198
925
589
656
1363
335
234
623
1427
3
210
1258
1360
1459
492
821
1285
700
999
1611
1804
1535
289
1164
868
310
934
45
301
446
1907
1115
802
606
1709
1185
906
1936
108
148
604
1899
1656
1584
994
1906
150
593
1387
995
730
439
1434
587
1700
831
7
2
1624
1207
457
123
1909
356
58
721
1111
997
591
1267
413
847
1602
1242
1681
9
948
1172
1192
494
1823
1084
1626
1005
443
270
236
718
145
1281
1151
472
836
579
1653
1373
1980
1848
1564
19
130
1774
468
1841
954
1993
578
371
403
1304
766
38
1989
1055
1008
1508
1573
842
1757
1913
244
665
981
1059
900
1307
860
1263
1471
1896
234
1914
1033
1840
149
280
1816
1173
1104
649
480
1366
1931
267
945
241
298
1784
1416
1791
555
1986
919
1601
846
284
1334
312
1545
896
423
577
655
818
1227
595
1797
553
501
245
1324
1908
106
1849
1707
650
1189
384
81
597
873
529
850
1079
129
955
228
996
173
1897
368
933
547
53
470
1731
1170
1586
1274
344
1614
1184
1812
274
1556
1889
53
521
1090
1456
458
122
998
1181
1592
1092
319
1834
1219
1857
1514
1688
722
690
468
1637
284
1548
1656
404
973
556
1146
223
499
1037
1763
246
1827
639
814
140
468
1553
1822
1807
1633
264
1492
1660
896
1445
407
825
814
662
1565
1345
1042
1890
733
1253
1882
755
178
277
1708
1737
1105
804
553
1148
21
694
1597
766
1606
1546
583
34
1611
858
365
1898
1220
1227
927
290
1139
730
1847
1862
685
851
1270
1059
541
768
947
857
1751
1976
740
212
1635
1817
264
97
1356
1865
716
605
1603
1828
788
1620
858
1653
1205
301
1231
1845
1795
1361
1669
1585
37
44
1662
1362
1878
5
1244
366
1513
739
780
1119
1550
881
1313
1263
125
398
568
775
589
1711
52
1063
787
274
1501
149
1983
1463
1629
918
805
467
1749
326
1081
151
1335
455
387
1768
441
1113
570
1695
1677
1678
676
894
119
654
739
1951
1524
1175
1095
744
438
1982
1047
146
553
1945
65
1712
883
1937
430
892
422
1600
872
1141
584
1014
1658
282
1620
1708
1336
232
1205
791
821
1191
55
779
779
1451
1364
810
1198
846
434
1255
1967
544
1605
1992
1596
91
1598
1705
729
428
1475
1396
1428
1347
1991
1361
1040
159
702
729
362
477
1703
780
55
736
1556
757
1342
10
1078
113
113
1985
1117
902
1022
1385
600
1502
1034
1468
375
1336
137
961
1025
440
16
1785
1452
1665
1893
1972
213
1713
1137
1124
1400
430
1319
1359
1087
960
1834
211
1280
689
648
1732
7
1718
420
860
1650
1083
1652
147
1474
1309
200
743
132
1671
516
987
1900
604
6
69
1228
798
33
1970
25
1671
1974
1085
1271
1713
1847
936
349
1559
105
1766
398
124
1853
1891
620
904
1594
1397
1496
510
215
1104
1680
1428
509
17
